28,32
10,07
-4,08
-9,91
-7,41
-12,55
-17,25
-15,07
-4,93
-6,33
-4,93
0,45
0,12
-0,02
0
-0,03
1,97
9,06
0,07
-4,97
-6,98
-24,93
-4,87
-28,93
-33,57
-45,92
-48,29
-44,99
-48,93
-29,91
-0,01
37,43
48,06
50,74
47,57
43,94
40,97
44,95
49,64
53,67
56,01
56,95
62,08
62,11
57,99
55,64
55,13
50,76
42,91
45,22
45,63
44
43,88
45,92
51,07
52,77
62,89
60,03
58,19
62,99
63,52
64,67
65,24
67,76
68,41
69,55
67,28
69,46
68,38
61,72
53,72
49,98
50,73
47,11
47,07
46,94
47
46,91
49,59
55,32
55,78
55,52
55,23
53,58
51,74
51,6
51,41
51,69
52,59
54,66
54,1
51,89
46,58
45,43
43,96
31,41
26,9
25,12
24,12
22,04
18,37
22,09
23,35
28,76
36,63
40,46
45,85
49,8
51,36
51,74
51,92
53,22
56,62
56,92
61,64
59,44
52,75
51,9
51,38
49,96
50,29
47,72
48,38
48,02
44,23
47,17
48,19
49,11
50,44
53,4
56,55
60,02
60,22
55
52,39
51,57
54,71
63,43
67,37
67,2
66,03
55,36
58,59
53,7
46,03
47,98
47,84
46,11
46,08
47,62
55,77
68,61
74,15
74,93
73,59
71,23
68,79
66,75
62,47
53,25
53,26
53,42
47,91
42,05
40,96
32,04
20,82
1,84
17,94
20,91
7,78
14,33
18,56
18,57
35,81
43,87
46,93
43,88
43,85
46,74
43,94
43,21
43,81
45,6
35,21
45,64
45,63
37,94
39,53
35,97
29,72
22,55
20,04
7,24
3,43
10,04
14,2
25,41
36,98
43,89
50,98
50,3
50,21
45,8
43,64
43,49
45,05
49,95
53,82
55,94
54,19
54,19
52,98
51,68
48,95
47,63
46,48
49,08
47,11
48,8
48,5
49,8
56,97
72,6
81,17
81,79
81,15
80
76,39
75
76,06
75,4
76,78
83,45
85,15
78,16
71,92
67,43
60,49
54,45
47,84
46,58
45,74
43,81
46,24
46,46
51,29
60,53
60,02
62,92
61,58
60,6
51,89
50,8
45,46
42,2
45
51,51
48,59
49,2
44,99
44,93
46,4
43,46
47,24
45,88
44,61
42,9
42,03
39,33
42,98
41,23
42,12
45,1
44,27
44,18
42,05
38,61
37,76
33,03
35,84
44,24
46,29
40,05
38,15
30,26
40,2
30,89
23,35
12,4
19,01
23,51
23,25
20,01
20,8
22,14
23,68
25,05
26,3
30,81
27,06
8,5
-0,08
-0,01
-0,27
21,55
24,04
15,91
-0,02
-0,33
3,04
-7,28
-3,14
-12
-15,04
-11,09
-4,94
1,59
35,9
51,22
51,66
46,09
50,26
44,49
41,24
38,91
41,79
49,63
50,93
51,25
50,93
50,52
49,61
44,3
41,29
37,26
35,18
35,82
34,99
34,56
30,8
33,41
47,4
53,73
57,02
58,38
56,54
55
53,92
53,31
52,63
52,12
51
53,91
46,35
42,73
40,32
39,93
39,66
32,04
29,23
29,26
32,64
32,41
33,06
33,22
46,63
53,8
55,73
53,83
54,22
54,92
53,65
52,69
53,55
53,72
54,83
54,01
52,67
50,92
39,81
39,29
39,91
30,77
26,35
25,23
22,77
24,02
25,63
28,06
35,38
46,04
49,96
50,56
46,1
46,02
43,94
46,64
55
55,9
57,43
58,72
55,06
53,85
49,52
42,35
42,44
41,11
42,26
40,91
43,77
45,05
47,89
49,79
54,77
73,08
76,86
74,32
70,51
69,02
68,94
65,27
67,44
68,14
69
75,04
76,13
72,46
61,83
59,24
56,7
53,16
52,47
53,18
54,73
51,15
52,25
50,93
49,04
50,56
55,71
56,62
63,13
57,33
55,26
54,38
52,55
55,41
62,93
67,15
68,91
57,37
54,61
52,32
51,53
49,8
47,74
47,01
48,8
48,9
49,63
49,53
46,69
46,76
50,88
52,38
50,07
49,33
48,98
47,4
53,2
55,39
58,02
66,68
69,43
69,75
67,83
57,37
59,56
52,07
55,54
53,02
52,1
51,31
51,14
53,23
67,16
79,62
88,06
86,01
80,04
75
70,65
71,56
72,03
76,49
81,08
88,35
88,5
79,93
73,69
68,34
59,83
54,93
54,19
54,05
53,52
51,97
51,96
52,03
62,33
73,91
80,23
76,6
74,19
70,06
62,07
58,45
59,69
65,09
70,21
78,8
74,13
64,46
58,34
55,38
56,59
53,72
53,2
53,92
53,11
51,19
51,02
55,05
63,96
82,55
92,15
93,65
91,93
88,07
84,96
83,99
85,59
86,87
84,96
90,01
93,76
90,54
78,49
68,93
65,1
59
61,88
59,08
57,9
56,37
56,95
61,53
75,98
99,07
113,07
111,23
108,25
103,69
98,33
92,63
89,86
90,45
95,01
106,82
121,46
102,06
89,34
74,43
69,92
63,79
64,63
60,64
57,8
55,44
55,28
58,98
71,1
84,48
97
93,64
85
78
71,81
69,87
68,64
65,58
65,08
70,87
71,74
58,51
50,78
51,12
47,16
42,9
44,29
42,61
42,51
41,96
41,65
40,72
41,53
42,36
51,37
56,28
58,62
59,18
56,72
57,44
53,32
52,8
52,44
55,95
57,92
53,78
47,98
44,99
43,9
37,75
28,42
24,48
19,98
18,13
13,61
15,34
3,65
24,47
27,04
32,97
39,06
44,05
46,86
42,97
41,18
40,5
41,18
47,25
52,64
52,96
50,44
47,74
50,82
44,81
42,4
40,97
40,42
37,8
38,09
41,83
53,09
64,04
64,88
62,2
58,38
55,92
55,12
51,36
48,63
47,34
48,83
60,83
59,64
54,37
47,54
45,69
46,36
43,91
44,87
48,07
47,49
44,59
45,97
46,46
55,82
67,67
72,8
70,63
70,38
67,51
64,03
63,84
66,56
66
69,33
71,45
72,82
69,81
59,51
55,74
53,83
49,34
46,52
46,36
45,1
42,85
42,74
46,34
52,09
64,99
68,17
66,76
59,06
53,03
54,19
49,7
53,56
49,37
52,65
60,49
62,53
59,28
50,02
51,01
50,08
46,86
47,17
45,47
45,43
46,82
45,08
48,7
62,41
71,7
78,49
69,08
67,35
67,94
66,81
66,22
66,16
66,16
65,35
66,68
66,98
65,4
59,9
52,84
51,36
46,72
43,55
45,47
43,1
41,1
41,51
45,76
47,72
54,04
56,66
55,93
55,51
56,9
58,51
64
64,93
64,55
63,91
67,71
69,98
67,34
62,99
55,32
54,01
50,92
50,04
47,07
45,7
43,14
42,71
42,6
43,47
47,68
51,47
55,79
59,5
59,15
56,08
50,33
49,09
48,6
49,39
56,86
57,91
54,59
50,43
48,48
48,49
46,06
44,8
41,29
40,48
39
38,9
38,47
39,88
40,97
43,8
47,05
49,33
51,11
50,35
47,09
45,14
44,4
45,79
51,94
59,54
57,94
54,69
51,94
51,04
46,42
43,7
41,37
40,48
39,21
38,55
40,71
49,05
60,67
58,93
55,47
48,15
43,46
41,69
40,47
41,01
43,37
43,82
49,06
46,78
42,08
39,42
38,75
38,52
32,51
34,49
36,71
38,42
39,39
39,82
41,72
50,31
61,52
62,31
62,31
64,56
62,85
58,63
57,81
57,96
58,04
60,35
63,06
65,79
62,63
61,77
53,38
50,12
46,98
42,8
41,63
40,98
40,4
41,38
42,31
51,1
57,59
59,01
53,34
53,54
53,32
53,19
52,81
52,93
54,3
56,73
60,27
62,4
59,62
55,8
50,49
49,5
46,18
46,25
45,21
41,24
38,05
37
39,04
48,06
53,29
53,04
51,98
51,47
46,38
43,24
42,32
40,75
41,63
41,77
51,37
51,4
45,75
46,07
41,47
38,71
33,68
32,73
33,24
32,57
31,16
35,71
38,99
45,85
56,33
57,94
54,91
51,35
50,66
44,59
39,51
38,77
42,31
43,98
49,61
50,66
46,04
35,88
33,96
27,56
24,47
0,02
0,08
-4,09
-4
0,06
0,09
0,05
6,37
12,08
11,18
10,64
4,12
0,05
-0,1
-2,05
0,09
9,64
26,97
36,17
25,97
16,96
0,09
12,91
0,09
22,88
16,16
16,02
12,45
10,19
14,51
7,01
10,98
20,62
32,95
36,75
38,68
32,5
34
31,2
27,99
32,61
39,41
49,19
49,48
43,1
28,99
34,37
30,58
-0,01
-1,22
-0,04
-3,54
-3,95
5,65
39,91
49,04
49,41
44,99
39,94
38,73
36,59
38,54
38,66
38,86
38,61
48,11
48,51
48,73
47,96
41,27
45,19
37,34
37,29
32,8
29,71
31
36,08
40,02
46,44
55,19
54,91
57,33
55,66
50,93
50,02
49,59
49,98
50,17
52,84
56,92
60,47
51,27
45,96
41,6
43,96
41,51
34,14
37,21
36,29
33,31
37,58
35,34
45,84
52,46
49,99
47,33
46,96
46,66
46,14
46,15
46,3
46,82
49,71
53,94
56,55
54,34
50,13
46,42
46,43
43,16
40,74
39,15
38,64
39
38,47
43,04
53,17
60,73
63,67
56,99
53,01
46,12
44
44,65
44,62
47,12
52,39
55,63
60,2
61,93
54,97
49,69
47,48
42,76
43,75
42,19
41,72
40,19
41,1
43,67
52,98
59,98
61,73
55,41
51,71
44,11
42,87
42,43
42,52
44,41
48,18
53,61
56,54
55,49
51
43,37
44,43
39,45
35,42
35,19
36
36,29
36,52
35,5
38,39
40,39
40,94
36,08
31,09
35,19
35,62
36
37,21
39,61
42,11
46,83
52,06
48
46,47
40,67
38,99
40,7
35,57
35,46
37,24
36,27
36,13
36,74
36,52
38,82
40
38,88
36,15
36,5
37,41
35,09
35,12
36,27
39,36
44,03
49,6
50,07
46,15
38,27
42,83
38,75
39,41
38,78
38,78
38,2
38,8
40
51,72
57,37
56,01
52,61
48,43
44,81
43,09
42,91
44,73
47,35
50,9
52,94
56,94
55,76
51,91
43,98
42,23
35,87
36,09
35,43
35,42
36
36,08
38,1
44,95
48,68
46,76
44,22
41,37
36,45
36,31
36,41
38,09
38,87
42,9
50,92
54,09
52,42
44,9
41,63
39,74
35,69
35,26
34,88
32,95
35,06
36,06
38,06
49,12
54,66
54,58
53,08
52,09
49,73
43,74
45,05
45,58
46,01
49,79
51,96
54,25
54,34
50,75
44,06
43,27
40,13
37,13
36
35,49
35,36
36,08
37,9
45,35
49,78
50,5
46,7
43,2
40,2
36,44
37,15
39,13
42,89
46,3
50,61
53,1
52,98
51,39
46,13
45,08
42,69
41,48
40,32
39,84
39,59
39,35
42
50,4
55,03
57,95
55,62
54,14
53,06
51,45
48,99
45,88
44,75
46,46
50,42
52,4
50,47
46,06
43,02
44,58
39,6
38,04
36,54
36,06
36,01
35,61
36,03
37,3
41,11
43,57
41,72
40,94
38,02
35,66
35,32
35,62
35,49
42,34
47,49
51,57
50,97
46,99
40,35
41,59
39
37,82
36,96
36,97
36,21
36,21
37,04
36,98
37,98
39,11
39,79
37,65
37,06
37,14
35
34,54
35,25
37,04
42,37
51
51,47
50
44,46
47,65
44,1
38,7
37,02
37
36,37
36,06
40,07
50,02
56,88
55,59
50,72
45,18
41,85
40,09
38,98
37,88
42
44,4
51,15
55,07
54,4
50,61
43,09
42,4
40,4
37,1
37
36,84
35,88
36,77
39,41
48,74
53,04
51,88
49,92
44,39
41,69
39,28
39
37,91
41,45
46,88
53,46
58,17
54,94
50,92
47,57
46,8
41,41
40,98
39,42
38,58
37,99
39,16
41,48
50,84
58,71
54,19
49,95
44,57
40,79
39,63
39,58
40,06
40,62
44,94
49,92
51,96
51,82
46,69
41,58
41,39
36,21
29,78
30,41
29,8
27,61
28,96
32,93
42,45
48,87
47,47
42,7
42,47
38,89
38
37,08
38,05
40,7
42,73
48,03
50,96
50,97
48,54
44,2
43,21
41,44
39,4
37,1
36,67
36,27
37,33
39,63
46,75
47,98
49,99
50,28
51,15
50,97
48,56
47,4
46,91
45,97
46,93
50,79
52,59
52,49
48,66
46,53
45,65
44,41
44,19
43,28
41,09
39,49
39,59
39,97
41,42
43,92
47,89
48,6
47,9
45,84
43,9
40,21
39,26
39,18
40,92
43,84
46,49
46,8
38,27
32,07
30,52
25,34
22,77
8,67
1,84
0,09
0,07
0,03
-2,81
-0,04
2,86
0,08
0,11
3,33
4,02
1,06
2
4,75
15
22,72
31,8
38,49
24,83
19,92
24,3
19,47
-0,07
-0,21
-6,86
-7
-2,47
6,24
25,83
37,96
33,1
20,69
7,54
0,09
4,28
0,07
5,28
12,81
14,81
27,09
42,46
43,02
25,98
21,1
10,06
-2,39
-0,08
-2,39
-4,95
-1,92
-2,23
11,23
33,49
44,24
40,76
34,59
27,31
31,07
32,45
34,04
37,7
44,09
46,39
49,27
55,01
55,23
51,1
48,09
46,09
41,54
36,08
32,69
33,01
32,2
30,7
33,11
43,81
47,46
47,38
40,04
33,13
29,79
28,65
28,62
28,9
28,66
29,37
36,88
43,7
43,9
40,38
28,96
29,55
27,49
25,05
23,81
21,16
17,97
21,8
23,17
31,58
39,91
39,4
32,39
28,35
28,54
28,22
25,63
27,62
27,54
28,24
34,06
43,95
45,01
39,76
27,12
29,25
7,01
12,49
-2,47
-4,97
-1,71
0,76
19,94
25,78
36,05
32,34
25,06
22,96
25,61
23,35
23,48
25,38
33,71
38,34
43,07
48,72
50,95
44,04
40,57
39,24
30,61
27,67
15,4
4,24
0,07
0,06
0,03
-0,04
0,13
10,05
8,54
7,83
11,03
0,74
0,04
-0,08
-0,82
0,08
10,96
22,8
25,08
21,62
11,96
13,37
0,72
-23,04
-11,15
-12,55
-2,89
-2,6
-0,86
4,97
19,32
26,24
28,97
27,12
32,46
31,01
27,84
23,06
23,07
23,79
29,17
31,01
40,92
29,91
24,89
26,63
22,92
21,8
19,81
22,02
16,21
18,22
24,4
39,45
47,96
48,06
46,84
45,31
42,66
39,95
38,69
36,9
37,11
39
46,28
50,29
57,9
50,06
47,52
47,61
44,01
40,98
38,97
36,91
35
32,92
36,3
46,83
52,05
51,37
48,02
43,81
38,72
35,82
31,76
31,06
32,93
35,26
40,06
44,02
41,57
33,01
26,49
23,87
0,36
7,07
0,06
-0,07
2,45
8,09
19,17
25,91
36,48
26
18,5
2,28
8,24
10,8
5,23
13,97
20,07
23,83
30,62
35,55
39,91
30,25
25,52
24,3
18,9
24,17
22,25
20,37
20,5
22,33
27,08
37,69
42,37
42,6
38,56
40,32
39,29
39,26
38,67
37,79
34,85
31,11
34,62
37,58
39,13
33,6
29,79
27,38
19,76
11,91
13,43
11,37
7,65
13,17
22,28
28,6
40,79
42,56
42,59
41,54
40,97
39,91
33,54
25,89
24,76
22,46
24,47
28,75
35,94
24,34
17,19
0,07
10,79
-1
-2,68
0,01
-1,96
2,02
2,33
9,97
21,59
27,93
34,18
34,14
31,91
30,9
26,37
24,76
23,4
26,23
26,23
28,95
28,27
22,78
5,74
9,09
2,1
-2,3
-3,34
-9,33
-13,53
-6,23
-9,9
-11,37
-11,26
-9,93
-8,53
-6,66
-0,75
-7,06
-9,99
-17,36
-20,23
-10,01
5,33
28,87
36,66
30,64
23,34
25,94
17,22
17,65
12,86
14,27
14,45
6,03
22,51
41,27
46,37
44,13
41,2
33,18
32,03
27,71
24,32
24,93
24,5
35,57
41,95
45,74
48,44
45,64
42,96
41,7
36,77
39,08
38,49
37,45
36,47
36,42
40,29
46,96
51,27
54,38
49,69
46,31
44,55
43,31
42,89
42,48
43,74
44,61
48,96
55,17
60,73
52,55
46,46
44,72
41,08
38,28
36,3
35,05
34,33
34,69
37,2
43,66
46,89
43,85
42,88
39,19
39,86
37,59
37,47
38,16
40,36
42,1
45,49
51,08
55,55
49,01
44,24
42,97
39,76
35,47
34,7
33,51
33,04
33,1
35,93
44,03
46,25
44,91
41,28
38,5
35,89
35,43
34,5
34,61
36,81
39,27
43,4
46,7
55
47,53
43,92
41,94
39,28
39
35,95
36,69
36,39
36,28
39,95
46,01
50,98
49,2
44,97
40,41
36,57
35
34,3
34,46
35
37,78
44,05
46,91
50,17
46
40,61
39,9
37,12
35,53
34,94
34,9
33,1
33,05
34,6
36,64
38,86
38,43
37,38
34,53
31,95
29,82
29,06
28,25
29,52
31,38
37
41,05
44,99
42,25
39,1
40,35
37,93
39,15
36,05
34,45
33,61
33,85
34,2
34,32
34,98
36,6
35,81
33,78
32,01
31,1
25,08
24,13
23,79
25,1
33,02
39,37
42,6
39,33
36,34
34,47
29,99
24,34
22,5
23,01
20,89
21,57
26,05
34,45
38,39
39,17
29,93
29,96
30,79
30,06
31,33
29,25
29,67
28,94
36,68
41,2
46,45
42,87
39,81
39,99
37,56
33,25
30,79
30,07
30,01
30,03
32,5
39
42,8
42,75
35,9
32,54
32,58
32,51
31,78
30,87
31,94
34
39,76
43
49,4
46,41
43,37
42,28
38,42
36,62
34,81
34,27
33,37
34,14
36,82
42,01
46
47,04
43,94
41,48
40,61
40
39,58
38,75
39,47
39,18
41,49
44,17
47,91
43,99
41,22
40,83
36,92
32,73
33,67
33,38
33,29
33,12
36,67
44,48
49,13
48,79
46,78
44,12
43,36
42,54
42,39
43,06
44,09
44,47
46,98
48,16
52,77
46,61
43,48
42,38
39,32
39,28
34,1
34,44
34,47
34,99
38,04
45,56
48,44
47,62
43,07
38,2
34,49
33,43
32,87
32,4
33,13
36,01
44
49,54
49,33
47,94
43,04
42,75
39,32
37,49
36,68
34,36
34,61
36,08
35,02
33,51
33,23
34,93
33,17
31,63
29,24
28,77
25,92
25,45
29,25
32,02
37,39
44,99
45,96
43,08
40,53
40,86
36,85
40,1
33,95
31,95
31,9
30,54
30,81
32,01
33,07
32,78
28,82
25,17
25,15
10,46
1,11
1,02
11,51
26,73
33,97
38,69
41,8
39,08
40,3
37,51
31,06
29,96
31,07
31,08
31,09
37,22
47,08
56,95
53,56
45,95
42,2
39,11
34,3
32,29
31,1
31,55
31,8
35,74
43,06
45,1
45,06
39,41
35,8
30,65
29,11
26,93
25,43
25,16
27,52
31,04
40,29
43,78
43,13
39,53
36,68
31,39
29
29,09
29,49
29,09
30,1
35,08
40,73
43,15
42,74
38,2
35,08
30,69
31,9
31,5
31,08
31,19
32,57
35
42,98
48,25
52,42
54,72
49,47
47,99
45,01
43,11
41,77
41,48
41,73
42,68
45,44
51,32
52,34
44,08
39,1
36,58
35,6
35,12
33
32,59
34,13
36,86
44,67
53,64
59,86
46,92
48
47
40,85
41,32
38,59
38,3
38,1
40,08
45,23
50,5
48,93
43,81
38,49
36,8
35,36
35,47
34,49
33,76
36,17
38,63
44,84
53,16
58,67
53,64
46,58
44,01
41,18
40,08
38,64
38,34
38,64
40,96
44,35
47,23
46,94
41,99
41,33
40,33
41,65
39,86
38,31
36,1
36,13
37,27
39,2
42,03
44,06
46,51
42,72
40,91
34,56
33,66
31,03
31,02
31,04
32,41
41,28
42,91
41,88
39,99
39,21
36,22
36,05
37,71
37,13
35,5
35,64
36,17
36,69
39,43
40,51
40,66
36,63
34,99
34,68
31,5
28,03
28,92
31,4
34,87
42,9
46,65
49,65
46,27
45,55
44,01
38,84
37,7
36,73
36,3
37,2
41,6
54,96
59,47
60
58,62
49,1
44,4
42,82
41,85
40,42
40,17
39,73
42,84
45,05
48,46
46,58
43,42
41,94
37,44
34,75
34,69
35,6
34,96
35,12
37,47
47,2
52,08
55,32
49,47
46,73
44,79
42,76
40,94
39,59
37,38
37,39
40,71
44,09
47,01
45,94
42,76
42,01
39,07
37,51
37,18
36,54
35,78
36,63
38,55
46,99
54,43
58,02
50,59
46,21
44,44
41,16
39,98
38,22
37,6
38,12
42,6
46,5
47,2
46,97
44,56
42,6
39,23
37,5
37,07
37,07
36,52
37,1
38,87
47,91
56,4
59,24
51,7
48,55
45,98
43,95
39,86
38,9
39,28
39
43,92
47,69
54,02
52,99
49,02
47,2
44,05
39,59
39,01
37,95
37,22
37,5
41,05
49,62
58,98
60,08
51,55
48,97
46,99
45,1
44,11
42,11
40,67
38,57
41,73
46,43
48,43
48,08
45,36
45,27
43,27
44,78
43,53
42,36
40,11
39,45
40,93
43,78
45,1
47,28
46,96
42,45
39,85
38,57
38,02
37,11
36,42
35,65
37,83
43,03
46,09
46,28
43,1
40,24
35,08
36,58
35,31
35,03
36,61
37,23
37,01
37,36
38,18
40,36
39,76
37,1
36,4
34,89
33,87
29,75
28,97
31,26
35,04
41,87
44,7
46,74
43,28
38,59
38,11
35,58
37,11
37,17
38,9
37,99
42,6
50,23
58,76
60,33
47,29
43,02
40,24
32,05
30,43
32,04
35,67
35,58
40,96
47,01
49,27
48,56
45,7
42,43
34,97
37,16
35,85
36,66
36,03
35,06
37,42
46,22
52,06
52,21
46,62
40,72
35,7
35,15
32,95
34,52
37,02
39,28
44,5
49,74
52,95
50,32
47,94
43,9
38,8
33,5
32,99
35,02
35,02
35,36
37,94
46,82
50,43
52,23
50,4
48,01
39,72
35,66
34,09
36,12
35,05
35,49
38,73
46,09
49,49
48,09
44,83
41,03
37,29
37,93
37,3
37,24
35,02
35,06
38,07
47,82
51,95
55,31
49,93
44,57
40,39
37,71
30,13
27,12
30,14
34,14
39,4
45,09
49,31
48,19
44,23
43,19
40,96
35,89
32,54
31,71
30,87
32,07
33,99
37,91
40,5
43,83
42,68
37,96
34,32
25,47
5,36
5,02
20,85
27,48
35,3
41,94
43,68
43,2
44,09
43,88
41,62
33,87
31,57
30
30,02
31,5
34,87
38,15
38,6
37,34
37,7
31,03
28,38
26,91
22,8
21,03
24,94
27,94
38,03
44,91
46,92
44,61
43,41
42,5
41,37
36,95
34,02
31,29
31,32
33,22
33,1
34,28
34,02
34
32,23
29,1
29,05
27,47
10
6,27
9,7
22,4
31,88
41,85
46,23
46,08
44,16
41,38
38,34
27,79
19,18
13
10,01
5,51
14,82
5,14
3,46
16,93
6,45
-5,26
-54,91
-62,08
-77,31
-83,01
-79,97
-68,75
-43,07
-0,39
15,06
17,03
2,98
0,03
-18,85
-1,72
-6,95
-9,64
-11,03
-9,56
6,84
29,45
38,82
38,53
27,91
16,47
0,03
-9,98
-9,97
-4,49
0,13
13,08
31,56
38,58
41,11
40,68
36,37
30,09
27,72
24,97
24,57
22,07
17,95
25,01
27,53
40,1
43,18
43,85
41,97
38,85
34,43
29,99
32,52
31,6
31,18
34,02
40,98
46,15
46,03
44,36
42,42
38,1
31
28,12
26,1
27,22
28,65
31,3
37,89
44,13
50,82
48,21
44,41
41,26
37,65
35,22
32
30,51
31,36
34,77
41,21
46,22
57,49
59,9
47,78
42,21
39,04
37
35
33,53
34,88
36,48
39,52
45,48
53,6
56,38
52,94
49,93
46,94
43,96
42,16
40,35
40,51
41,46
45,72
45
49,06
49,66
46,41
41,97
37,05
32,02
30,1
29,05
28,04
27,43
26,76
27,02
31,99
37,22
35,41
32,69
31,99
30,48
27,9
24,95
27,82
30,98
33,1
38,02
39,92
39,25
37,63
36,36
31,57
31,24
29,05
30
29
29,53
29,96
30,71
31,66
32,05
34,41
34,48
35,53
32,6
31,44
30,4
29,77
31,74
35,51
41,68
45,32
47,75
46,07
47,76
44,56
38,53
36,22
35,57
35,01
34,18
36,57
46,82
52,77
56,71
51,3
46,99
45,61
44,06
43
40,67
39,41
39,9
42,4
44,97
47,08
47,81
46,81
44,86
38,43
34
36,07
35
35,24
34,44
37,04
45,62
52,14
60
51,47
47,43
44,85
40,85
36,49
34,98
34,94
35,34
41,3
47,09
54,4
51,76
48,71
46,28
43,41
38
35,2
32,64
31,16
29,56
29,72
27,51
27,6
30,9
29,4
28,88
28,65
21,12
4,9
-2,46
-2,82
1,98
19,61
29,65
34,51
37,25
33,2
35,18
29,96
31,18
27,67
27,21
25,71
26,97
31,93
41,75
45,52
47,18
43,3
39,7
37,32
31,42
31,9
34,32
37
37,48
40,41
45,98
47,18
47,38
45,66
44,72
41,71
33,29
34,9
33,6
32,48
33,1
35,96
41,95
46,99
50,1
47,94
46,9
46,47
43,7
39,84
36,66
35,61
35,47
38,89
42,01
43,96
44,57
44,92
45,37
42,01
39,72
36,77
35,56
34,9
34,98
34,51
35,59
40,87
45
45,07
43,62
42,65
40,56
36,98
34,95
33
32,68
34,11
41,4
44,87
44,81
45,5
45,92
44,3
35,19
32,02
29,04
28,9
29,04
27,94
28,05
29,01
30,7
30,29
28,46
28,73
28,09
26,4
16,12
15,71
21,72
30,7
32,44
38,47
41,32
41,31
42,34
39,71
37,9
34,99
34,92
33,34
33,07
36,35
45,85
51,63
48,84
45,22
44,75
45,04
44,4
44,19
42,08
41,09
41,16
43,87
47,19
54,4
56,14
56,14
55
45,33
42,32
40,98
40,8
40,03
40,03
42,71
51,59
60,16
63,9
57,53
50,61
51,2
47,61
48,94
48
46,77
47,1
48,94
57,45
64,99
68,61
55
50,98
45
44,18
39,03
35,96
35,79
35,08
36,48
44,33
49,44
49,02
46,2
44,66
43,5
42,87
38,19
35,78
34,9
34,38
35,59
37,35
39,19
39,61
38,01
35,24
32,58
33,92
32,01
30,26
30,69
33,1
37,07
45,99
49,92
54,66
52,19
49,95
49,93
49,05
47,76
45,76
45,33
45,54
49,71
49,98
55,05
55,24
49,9
49,07
44
40,1
38,83
37,54
37,25
37,17
39,02
47,63
54,58
56,17
53,07
49,82
46,93
42,7
37,5
37,1
37,06
37,38
42,7
48,9
50,48
51,98
51,45
51,22
48,47
44,06
40
37,94
36,52
37,16
36,83
37,48
39,11
42,17
43
39,2
38,72
36,85
36,22
33,41
32,09
32,09
34,7
37,36
39,9
37,88
37,61
37,26
35,02
35,78
29,56
26,7
22,66
20,91
20,4
23,64
23,04
26,79
20,34
9,93
8,05
9,48
-0,51
-15,06
-22,96
-8,54
9,91
30,34
36,92
40
40,87
41,92
36,02
35,69
29,74
29,37
29,41
30,43
35,73
46,16
53,01
53,01
47,26
40
36,7
34,7
32,74
31,33
30,98
32,06
36,05
43,6
48,95
48,96
47,61
46,88
41,26
38,34
35,83
35,32
34,96
35,6
38,79
48,43
54,76
55,53
46,98
40,71
36,3
34,26
34
33,84
34,04
34,93
37,3
43,95
47,91
48,45
48,36
45,19
40,36
37,1
35,68
35,57
35,44
34,38
36,21
46,65
50,99
55,07
47,82
44,84
40,94
38,77
35,67
35,57
34,28
35,52
40
44,11
45,8
44,37
43,23
43,5
38,91
34,5
34,5
34,01
32,07
33,09
35,05
42,7
47,21
49,3
45,06
44,23
43,93
41,7
39,97
38,87
37,97
35,9
39,05
40,97
42,8
41,58
41,38
40,83
36,79
35,7
35,18
34,25
33,79
34
36,09
41,13
47,06
51,13
49,17
46,27
46,03
44,86
41,6
39,15
38,49
39,04
42,53
48,53
52,92
52,9
49,25
48,32
43,47
37,37
34,39
34,85
34,11
34,76
33,42
33,92
36,24
38,99
37,52
35,12
34,79
33,9
33,05
32,36
33,25
34,1
35,36
43,09
45,08
45,17
44,75
44,96
42
39,66
36,02
35
34,03
34,3
34,03
33,37
34,04
35,07
35,02
34,08
34,1
33,8
29,64
27,41
27,49
30,28
34,47
38,28
42,28
42,34
41,71
43,33
38,94
37,3
35
34,55
34,13
33,77
36,04
48,06
60,87
63,22
57,73
56,63
55,5
51,99
50,29
47,59
46,01
45,1
46,09
47,91
49,39
46,18
45,8
44,17
37,66
35,2
34,44
33,12
31,49
32,37
35,04
40,81
50,08
57,61
55
52,52
51,15
49,85
46,27
44,25
42,65
41,86
44,38
45,95
46,96
44,87
44,11
42,57
36,35
32,66
32,5
29,66
29
29,61
33,09
37,6
46,6
50,35
48,37
45,77
42,41
40,99
38,65
36,99
36,02
35,71
39
42,85
47,47
48,99
48,14
48,45
41,16
35,8
33,32
32,37
31,85
33,03
35,72
40,8
46,77
47,06
40,86
35,85
35,6
35,56
35,74
35,55
36,76
37,57
43,04
48,55
52,38
55,18
52,07
49,41
45,28
39,9
35,24
34,96
34,93
34,79
35,99
44,78
49,9
50,95
45,94
43,78
39,54
37,48
35,85
35,35
35
35,08
36,64
41,64
44,88
45,74
45,77
45,06
41,89
41,97
37,15
35,07
34,03
33,84
33,09
34,05
35,11
37,7
37,56
36,32
35,2
34,24
33,01
31,42
31,35
32,08
34,19
37,48
41,12
44,47
44,71
44,47
40,58
36,4
33,04
29,44
28,59
23,06
18,4
14,63
18,65
24,58
22,61
18,69
19,93
15,31
-3,13
-13,95
-6,54
4,67
21,78
33,01
36,63
37,16
36,59
36,37
32,45
18,67
12,86
12,2
14,09
19,65
28,76
37,32
46,45
43,35
42,37
39,74
39,27
38,03
38
36,43
35,89
35,46
38,52
43,78
46,96
50,59
48,01
43,39
38,64
34,07
33,42
33,14
33,72
34,22
35,32
48,9
57,15
64,59
59,95
51,72
48,4
44,95
45,69
42,95
41,15
40,88
42,94
44,01
43,1
44,12
42,75
38,77
34,07
34,4
33,07
30,57
30,97
32,05
33,27
42,87
49
50,87
47,92
46,41
45
40,89
39,9
39,92
38,29
40,53
45,52
50,27
53,43
53,92
47,76
40,77
34,55
32,1
28,41
22,89
11,44
4,63
5,06
3,83
8,89
10,44
4,5
0,24
2,15
2,23
0,03
0,1
2,24
7,18
25,1
30,14
35,01
35,84
36,79
40,34
36,69
32,02
29,49
27,08
27,19
27,95
29,07
35
41,05
41,49
39,78
37
35,63
34,17
30,51
30
29,14
29,79
37,67
41,03
46,38
48,23
45,67
43,98
40
33,63
31,03
28,23
27,62
25,53
23,14
25,8
27,55
29,61
28,68
26,42
25,28
26,69
22,4
18,33
24,71
27,57
29,09
36,95
40,15
41,8
40,94
40,36
37,6
28,54
29
29,11
28,03
27,79
25,2
24,79
23,31
25,22
19,38
11,76
11,9
8,91
3,5
-9,02
-0,48
3,5
23,49
31,24
37,41
38,13
37,14
37,12
29,85
26,57
23,34
20,78
19,97
19,64
24,04
40,62
44,92
45,02
41,81
39,36
37,71
36,25
35,46
35,23
35,68
35,69
42,97
45,42
50,5
48,98
48,35
45,96
41,4
34,74
32,99
31,86
31,21
32,83
33,91
42,95
50,29
55,43
46,93
42,24
41
37,56
36,5
35,19
34,47
36,65
42,92
45,13
46,17
44,72
38,28
33,83
28,01
27,48
26,06
24,55
24,54
25,31
27,75
37,52
44,51
44,99
43,97
41,38
40,46
38,85
36,32
36,19
38,01
39
43,45
48,28
56,52
49,41
43,68
39,99
32,09
28,5
26,5
24,64
24,03
24,06
27,54
32,16
40,73
42,91
39,93
34,11
33,62
32,31
32
32
32,53
33,58
35,76
42,98
52,04
59,09
55,3
47,73
41,47
40,41
34,15
32,46
33,14
32,09
32,49
57,33
73,75
66,98
45,93
37,21
33,39
30,09
27,7
27,07
27,21
28,66
31,27
39,92
42,04
40,07
33
30,04
26,25
-0,05
-19,95
-39,96
-40
-44,93
-54,78
-59,95
-60
-60,07
-65,06
-68,26
-73,04
-75,9
-85,03
-90,01
-85,04
-74,44
-65,04
-59,94
10,54
23,54
25,47
27,31
20,84
25,62
14,24
12
9,16
10,98
10,72
14,81
13,38
15,53
10,47
5,28
12,26
14,96
13,58
14,93
17,94
24,68
31,9
44,38
48,77
50,53
47,15
41,12
35,6
33,32
28,84
27,78
27
27,01
25,83
26,84
30,03
33,54
30,92
30,06
29,55
28,69
27,13
27,3
27,45
28,08
31,19
36,48
40
40,83
39,9
40
35,06
30,09
29,21
28,28
27,05
25,92
29,13
43,29
47,38
52,85
50,03
52,73
54,02
47,38
45,72
45,09
46,48
49,8
55,99
59,38
59,93
54
51,25
46,1
40,93
37,69
35,65
33,43
33,44
32,87
35,04
47,82
56,51
62,61
57,49
51,91
50,54
45,98
42,91
39,05
34,09
35,34
42,14
48,5
51,44
50,56
47,7
44,64
38,7
29,78
28,34
27,38
28,34
28,32
29,89
37,45
48,01
44,49
36,42
32,9
30,18
28,42
28,66
28,85
30,03
31,11
33,68
50,09
64,24
76,5
62,61
47,56
41,03
33,44
29,78
28,24
28,37
28,89
29,88
40,25
52,94
59,61
49,04
42,91
41,01
34,9
33,02
33,28
34,06
36,34
49,02
58,28
64,69
58,94
50,45
43,54
37,94
33,29
31,47
29,92
27,94
26,6
25,66
26,68
29,99
33
32,27
30,13
27,47
25,38
24,93
23,54
23,64
24,92
28,97
35,73
40,2
39,64
39,05
39,09
34,31
30,17
27,52
26,05
25,39
25,07
23,88
23,89
26,93
28,35
28,04
27,44
27,98
27,17
23,92
23,1
24,65
25,78
30,71
38,2
44,84
47,95
51,6
48,05
40,91
33,06
30,28
29,96
29,48
29,49
30,95
45,79
50,8
49,02
39,19
34,64
33,7
33,99
35,16
34,76
35,5
39,52
44,97
57,06
70,1
69,52
58,24
45,53
39,1
32,97
32,85
30,6
30,05
30,96
31,09
41,26
51,74
49,75
43,74
39,92
38,9
37,12
36,1
36,06
38,37
42,92
47,74
51,96
66,16
67,12
53,2
47,06
37,08
34,12
33,26
33,02
33,23
33,62
33,28
43,07
54,43
58,64
49,28
42,98
40,81
37,01
36,93
36,29
36,09
34,91
42,91
49,94
53,17
51,07
45,64
40,08
34,99
30,8
30,23
29,87
28,71
28,54
29,11
30,93
36,09
39,68
36,91
35,69
36,98
36,08
34,09
33,17
33,93
33,54
36,71
39,62
44,82
51,96
50
46,63
39,28
34,3
32,17
31,92
33
33,42
34,02
40,72
46,42
47,09
44,41
43,93
41,04
36,21
33,53
32,41
32,26
32,22
34,98
40,79
44,54
47,84
49,91
44,41
36,95
35,58
31,91
29,99
29,92
29,3
29,06
29,91
32,57
34,85
31,98
31,06
29,98
29,97
28,55
28,45
28,69
29,96
33,15
34,73
37,91
35,38
32,63
34,03
29,58
28,1
26,76
26,02
25,33
21,81
21,81
21,19
21,89
25,2
24,95
19,03
16,96
9,94
2,58
-4,27
-5,34
0,04
25,1
28,75
35,61
36,35
31,89
34,19
28,19
26,97
25,68
24
24,6
22,22
25,97
35,24
47,95
42,78
36,24
32,67
32,74
30,87
29,9
29,92
31,41
32,18
35,95
45,06
56,78
54,01
40,92
34,3
29
28,08
25,6
24,48
23,65
22,86
27,29
33,5
43,91
49,18
40,96
37,77
36,45
34,92
33,8
33,9
34,91
36,93
49,22
61,53
74,8
73,09
61,92
46,27
37,4
37,34
33,37
33,31
31,3
31,08
30,87
44,45
59,82
60,08
48,44
38,09
36,7
35,08
33,09
31,88
30,89
31,47
34,27
38,98
49,92
48,88
38,97
36,7
30,57
28
26,53
25,03
26,03
27,06
30,03
35,72
43,29
42,1
36,5
34,56
34,47
31,97
30,93
30,91
31,31
31,94
35,98
41,9
54,11
52,23
44,02
41,17
35,58
31,44
31,68
32,97
33,89
32,8
32,85
49,41
61,98
61,66
49,28
43,99
39,53
36,75
34,33
33,89
33,91
34,4
39,04
54,13
66,53
66,06
54,73
48,54
39,05
35,24
31,63
29,88
29,13
29,52
28,76
30,06
31,48
30,15
30,15
28,07
28,01
28,01
25,82
25,06
25,19
26,39
30,18
40
52,46
56,23
49,95
41,03
35,61
30,41
26,9
21,55
17,13
14,92
10,16
12,26
13,38
19,65
17,24
11,78
9,06
0,06
-29,29
-39,97
-12,51
0,02
20,05
28,83
36,63
37,94
37,07
43,19
36,72
28,98
26,23
25,04
24,94
26,04
27,14
41,93
53,1
52,85
41,13
37,57
32,85
29,46
27,39
27,25
27
26,72
27,5
31,03
36,49
36,32
34,93
37,24
31,97
28,9
26,97
25,48
24,75
24,91
26,99
31
36,12
36,1
33,33
32,75
31,8
29,59
29,55
29,52
29,6
29,96
33,05
38,02
44
50,96
47,9
42,14
37,05
30,94
28,07
27,6
27,37
28,01
29,04
38,22
47,6
46,95
37,53
33,68
33,4
31,19
30,14
30,1
29,98
30,08
33
36,49
43,07
48,39
40,07
37,57
33,41
29,93
28,83
28,06
29,06
29,73
30,74
36,99
44,31
39,72
34,77
31,88
30,89
29,73
29,65
29,53
29,64
29,8
32,98
36,92
43,58
44,98
39,9
39,06
34,9
29,8
29
27,8
27,64
27,9
29,08
34,62
42,89
45,92
43,4
38
36,6
33,02
31,05
29,68
29,23
30,4
32,97
35,35
40,15
45,86
45,75
42,07
38,09
37,97
34,1
30,99
30,52
30,01
29,24
29,21
29,74
31,05
30,99
29,7
28,53
26,86
26,09
24,94
26,1
27,64
28,99
30,53
30,77
29,73
29,34
32,12
29,09
28,21
25,98
25,03
24,27
23,36
23,6
21,82
20,78
24,11
25,76
25,99
26,4
26,3
20,66
9,39
6,77
12,12
25,62
29,2
31,47
31,98
33,06
37,02
33,02
34,93
30,11
29,55
30,47
30,04
30,1
34,9
39,06
39,99
38,59
37,29
39,94
38,68
35,09
33,48
33,76
34,47
34,92
38
42,9
38,35
37,93
39,43
34,63
31,56
30,19
29,81
29,43
29,95
30,47
36,16
43,95
44,06
41,09
38,17
38,04
37,06
35,15
34,75
34,24
34,74
36,71
40,34
47
47,9
45,99
43,88
36,66
35,91
33,54
32,98
32,92
33,3
33,5
41,92
49,45
48,8
43,99
41,34
42,13
39,16
37,32
36,99
37,05
38,84
44,08
48,95
53,19
51,47
48,06
47,73
42,65
36,52
35,99
35,12
35
35
35,96
42,41
50,92
51,94
52,84
51,78
53,99
51,42
50
46,65
45,51
46
49,9
52,7
53,39
51,9
49,04
47,76
40,17
38,94
37,89
37,43
37,33
37,68
37,83
48,39
53,91
58,4
56,77
52,4
50,97
44,54
41,73
40,73
38
38,64
41,91
50,9
53,94
53,92
48,31
43,88
41,42
41,05
38,38
36,87
36,12
37,02
35,36
36,1
37,78
38,46
39,83
39,82
39
37,87
34,7
33,94
33,51
33,56
34,71
36,91
37,98
37,79
37,72
41,2
38,17
35,85
35,04
33,77
32,69
32,15
32,14
32,29
33,92
35,46
36,92
37
37,16
36,43
34,04
32,14
32,04
32,17
34,94
37,84
38,97
39,91
39,05
43,72
39,11
37,8
36,58
36,45
35,16
34,93
36,84
44,91
50,02
50,06
47,94
46,2
45,3
44
41
38,56
37,78
37,26
37,77
42,56
45,94
44,08
43,44
44,6
38,16
36,82
36,27
34,93
33,89
33,13
35,11
39,21
46,95
49,14
47,95
47,13
46,92
42,07
39,9
39,46
39,04
39,3
45,38
48,81
52,64
51,96
49,19
49
45,19
40,02
38,87
38,12
37,28
37,9
39,1
44,03
53,92
54,8
50,23
48,78
47,7
45
43,14
40,52
40,55
41,6
48
52
54,01
55,03
54,07
50,64
45,9
40,47
39
37,82
37,8
37,68
37,87
43,8
49,73
48,96
47,5
44,91
43,49
40,41
39,25
38,99
39,72
39,21
47,91
49,94
54,79
54,02
49,4
48,01
43,73
37,86
37,06
37
36,66
36,68
37,87
42,84
52,07
52,48
49,43
47,86
47,03
44,01
39,59
39,4
39,2
39,36
46,21
51,27
55
53,99
57
50,6
44,92
41,21
38,08
36,81
35,61
34,36
34,03
35
35,9
36,79
36,8
35,04
32,91
31,63
27,79
27,98
28,81
31,51
34,74
36,92
38,38
37,53
37,72
39,2
37,29
34,5
32,4
31,98
30,27
30
30,03
29,88
30,67
31,02
31,01
29,69
29,31
28,72
13,05
9,75
20,86
28,04
32,02
35,9
42,42
43,6
44,92
46,62
40
37,47
35,11
34,23
34,22
34,16
36,18
42,9
47,69
48
46,47
44,45
42,2
38,35
38,39
38
38,31
39,76
44,98
48,98
53,94
53,34
50,59
51,87
43,36
38,61
37,58
36,98
36,52
36,32
37,7
45,15
53,96
50,98
49,65
46,47
44,3
40,97
40,23
40,17
40,95
44,9
52,97
57,71
62,98
63,41
59,42
55
45,5
42,25
39,65
38,48
38,14
37,94
38,53
45,78
53,06
57,35
57,75
51,44
47,46
45,65
44,08
45,12
47
50,63
57,75
68,13
74,06
68,16
59,36
57,81
49,8
45,62
42,05
39,58
39,09
38,9
40,67
47,07
58,94
55,31
56,7
52,78
50,65
47,85
46,94
45,69
47,78
50,15
56,85
62,05
69,58
61,86
56,75
50,74
41,88
38,65
37,73
37,19
36,57
36,37
38,49
43,08
49,66
54,18
55,89
53,66
48,31
39,6
39,03
38,72
38,85
39,36
49,19
52,07
53,62
52,06
48,97
48,14
38,67
39,01
37,59
37,01
36,04
35,1
35,28
34,2
36,05
37,42
39,43
38,16
36,89
34,9
33,71
32,92
32,74
33,85
35,62
38,79
38,94
37,91
36,19
36,19
34
30,98
30,02
28,2
26,27
27,1
26,8
25,6
28,1
30,05
30,28
32,06
32,61
31,68
29,32
28,45
28,45
30,05
34
38,37
40,03
40,3
40,87
41,46
39,01
35,77
34,05
32,65
32,46
32,7
35,43
40,75
51,95
57,4
51,51
48,84
48,29
47,35
45,72
45,3
45,13
44,95
45,21
49,5
60,74
60,5
53,23
49,38
43,25
38,8
38,35
38,16
38
38,16
39,54
48,5
54,98
56,16
54,25
49,9
45,96
41,75
40,65
40
39,95
39,78
42,04
46,91
53,66
52,99
47,88
43,66
38,66
38,8
38,35
38,16
38
38,16
39,54
48,5
54,98
56,16
54,25
49,9
45,96
41,75
40,65
40
39,95
39,78
42,04
46,91
53,66
52,99
47,88
43,66
38,66
39
37,07
36,64
37,26
37,37
37,54
41,93
46,92
46,81
42,43
40,76
39,85
39,52
39,57
39,23
40,11
40,15
45,33
55,96
64,94
68,07
59,36
51,53
44,54
40
38,89
38,2
37,93
38,1
40,72
48
47,96
49,46
50,47
47,95
44,96
42,31
41,28
40,08
40,22
41,46
44,09
45,95
49,51
49
47,17
43,96
41,12
38,96
36,94
34,93
35,05
36,85
35,5
35
34,01
37,72
38,51
37,04
35,63
35,04
32,43
30,1
30,4
30,52
34,09
38,95
41,08
41,02
41,58
41,96
39,47
37,69
35
35,42
36,01
35,91
33,88
36,25
34,3
31,91
30,03
28,26
28,36
29,06
29,12
29,02
28,29
29,89
34,23
39,02
42
43,99
47
46,76
42,24
38,46
35,31
35,65
34,92
35,93
38,73
48
55,18
56,02
56,04
55,73
53,89
45,22
47,24
43,87
44,32
44,93
46,28
53
51,11
55
51,13
45
39,87
38,48
36,92
34,62
33,69
34,61
37,54
39,27
43,64
45
44
41,96
41,37
40,02
38,87
38,97
38,99
40,04
43,84
48,93
51,78
53,87
52,99
49,12
40,97
37,03
35,41
34,9
34,9
34,84
36,86
40,58
44,96
44,98
44,98
44,34
44,47
42,16
42,84
40,73
41,15
42,05
44,22
43,48
43,15
42,68
41,94
40,55
37,64
32,74
31,35
28,9
27,97
28,75
32,25
37,88
42,76
39,98
37,47
32,56
30,46
28,53
28,5
28,37
28,7
30,76
35,99
39,04
43,05
43,37
43,63
42,1
38,12
34,92
34,57
33,97
34,06
33,02
35,99
44,11
53,92
49,9
43,93
39,84
38,38
37,38
35,64
34,97
34,96
37,79
40,81
43,66
43,4
40,07
37,7
34,26
31,26
33,54
29,09
28,7
26,9
25
20,66
21,84
28,41
29,17
26,15
12,59
5,34
-4,84
-24,75
-49,62
-44,98
-19,22
-0,02
10,61
26,3
27,9
29,09
31,83
28,84
24,96
18,58
14,55
12,7
13,13
13,62
11,94
9,2
11,58
9,48
-0,09
-12,01
-32,25
-35,75
-9,98
0,09
14,14
27,53
35,97
42,63
48,71
48,42
40
37,29
28,79
28,62
28,1
27,5
28,1
29,14
39,14
46,03
40,52
38,71
36,7
37,9
36,18
36,23
37,2
37,51
38,71
45,53
60,54
71,5
70,6
65,04
44,86
36,63
34,97
34,01
33,07
33,27
33,19
35,31
43,24
52,96
49,97
40,85
37,26
34,85
32,1
30,94
29,34
29,78
30,87
35,54
38,53
46,81
49,94
47,92
41,82
36,3
32,39
30,45
28,43
28,27
29,68
30,57
38,7
49,42
45,84
37,77
35,67
34,29
32,02
30
31,01
32,32
34,05
38,53
49,26
65,18
67,93
52,74
39,97
35,95
29,15
27,12
25,96
24,58
23,18
23,47
26,47
30,68
34,47
32,35
30,89
30,77
29,93
27,68
27,69
27,01
27,01
32,94
36,28
38,99
40,91
36,15
35,07
33,33
29,83
27,3
26,38
25,7
25,65
28,54
34,88
41,02
43,93
39,95
36,91
34,9
33,06
30,54
28,71
29,9
31,04
37,82
46,97
57,91
52,37
45,29
36,76
31,19
27,58
26,74
22,98
18,17
12,77
12,21
18,51
14,87
25,13
26,93
26,97
26,95
26,8
26,07
24,07
24,04
22,97
28,95
33,29
35,47
37,95
39,68
36,92
33,29
31,8
28,61
28,73
29
28,94
27,8
28,05
29,72
29,04
31,11
28,87
28,01
26,66
14,06
8,53
8,77
18,25
26,59
31,58
35,89
36,69
36,96
36,97
33,81
28,64
27,45
26,86
28,16
27,06
31,18
36,08
43,89
41,87
36,98
34,32
32,06
29,9
27,9
27,8
27,73
27,28
33,06
38
44,57
52,19
47,95
40,5
34,92
31,38
29,74
29,58
28,67
30,08
32,39
38,59
45,75
48,31
45,13
39,51
38,91
37,93
37,35
37,55
37,98
37,82
44,97
50,05
53,86
54,28
48,94
40,61
35,85
33,07
33,11
32,01
31,23
31,93
33,17
42,36
57
56,11
41,95
38
36,97
35,72
34,05
33,17
33,03
35,79
40,62
50,04
66,75
68,91
52,9
44,58
37,94
33,26
32,02
30,2
30,03
29,41
30,18
36,64
41,93
40,64
37,9
34,91
33,01
32,01
30,53
31,21
31,14
31,94
36,99
42,47
55,36
51,81
45,41
38,48
33,95
30,28
30,17
30,07
30,03
30,38
32,31
40
43,93
41
36,68
34,8
34,13
31,95
31,23
30,81
31,57
32,28
40,47
48,75
59,56
57,77
45,95
36,97
34,68
34,07
31,92
30,86
30,82
30,03
30,25
32,97
34,24
36,29
35,5
29,51
27,5
26,83
26,84
27,01
28,03
28,03
33,29
36,93
42,39
38,75
36,29
34,95
31,67
29,08
28,65
27,8
26,97
26,12
25,91
25,87
27,8
29,07
29
25,89
25,88
25,83
25,03
25,01
25,39
26,4
30,97
41,52
47,13
46,99
40,94
37,49
34,52
33,67
32,95
32,06
32,23
32,63
33,7
50,07
69,32
61,99
49,18
45,7
43,74
40,91
38,96
38,25
38,39
43,46
53,02
55,97
67,13
59,46
55,65
47,87
39,44
38,33
35,26
34,91
34,67
34,96
35,91
45,23
56,76
53,69
53,53
50,95
48,82
45,15
44,98
45,09
45,11
48,08
51,22
56,99
63,43
56,05
51,2
46,18
37,49
38,08
35,55
34,92
34,84
35,35
37,32
48,31
66,14
66,73
56,07
52,79
51,7
46,58
44,73
45
45,6
48,83
55,92
69,85
80,01
73,08
57,69
50,79
43,92
39,54
35,64
34,5
33,98
34,39
35,39
43,16
52,54
58,92
56,92
51,9
50,01
42,12
39,62
37,77
36,88
37,42
44
50,9
61,97
56,93
50,96
44,95
37,4
34,33
33,1
33,55
32,25
34,08
35,29
48,58
51,28
50,8
46,04
41,36
38,19
35,42
34,78
34,46
35,45
36,22
43,4
50,49
52,34
52,49
51,51
48,14
38,72
37,39
32,66
30,64
31,05
30,3
31,01
31,28
32,83
32,35
33,72
31,29
30,44
29,35
28,5
28,03
28,13
29,87
32,59
40,68
47,21
47
41,42
37,07
33,02
27,2
26,7
26,47
25,92
25,29
25,97
26,49
26,49
26,84
30,1
29,7
30,17
31,01
30,23
28,39
27,74
27,2
29,94
34,07
36,52
39,67
38,76
37,33
34,35
29,28
26,97
25,96
25
25,63
28,18
38,21
46,09
49,55
48,29
44,07
41,81
38,95
38,18
36,72
35,99
37,57
40,84
45,41
61,67
52,91
46,92
40,76
35,24
29,28
26,97
25,96
25
25,63
28,18
38,21
46,09
49,55
48,29
44,07
41,81
38,95
38,18
36,72
35,99
37,57
40,84
45,41
61,67
52,91
46,92
40,76
35,24
31,31
29
29
28,27
28,83
29,11
39,72
42,81
45,29
42,96
37,73
32,57
28,88
29,37
29,43
28,9
28,86
31,68
38,05
40,26
40,67
38,25
35,3
29,87
28
25,96
25,3
24,09
24,66
26,34
33,68
39,62
40,59
37,19
33,27
29,85
27,07
27,2
26,69
27,2
29,16
32,26
36,09
39,95
40,92
38,95
36,21
30,95
26,28
25,64
24,36
24,67
25,67
26,18
33,71
38,23
39,07
38,99
37,45
33,06
29,47
28,22
28,6
28,52
29,14
33,49
38,26
39,31
40,07
38,4
37,89
34,07
32,01
30
29,44
29,19
29,45
29,99
32,57
35,09
36,53
39,97
39,98
36,99
36
35,05
33,96
33,41
33,39
38,98
44,05
46,71
48,01
39
37,98
34,78
34,46
32,61
32,36
32,01
31,92
32,08
32,39
33,2
35
37,27
36,31
36,19
35,46
32,2
32,3
32,37
34,26
39,3
43,11
49,55
54,34
45,49
42,5
38,27
38,33
34,09
33,03
32,09
32,44
34,16
48,18
63,52
71,36
56,51
48,71
47,83
46
45,23
42,64
42,23
41,6
45,14
49,99
60,94
57,48
45,94
40,38
34,35
33,01
32,45
31
30,02
29,9
32,23
41
44,95
45,93
41
36
32,6
31,04
31,07
31,3
32,01
34,1
39,18
44,94
48,02
51,59
42,75
35,89
31,7
31,25
30,23
28,62
28,88
29,9
30,64
38,82
42,57
43,25
39,82
36,29
33,94
30,55
28,79
28,68
30,02
29,33
33,06
37,34
39,67
41,1
38,37
33,04
30,1
27,88
27,21
27,53
26,89
28,03
30,74
44,66
50,32
55,55
47,96
43,93
41,97
40,99
35,28
32,68
32,72
32,75
39,9
42
44,27
44,17
41,51
36,84
30,93
30,05
28,31
27,11
26,24
27,05
30,01
40,01
43,98
45,72
44,69
43,65
42,21
40,92
38,11
37,06
36,25
37,53
42,48
46,13
50,91
52,07
44,91
42,02
39
39,7
32,5
32,07
31,95
31,93
31,98
32,86
40,52
41,95
41,77
36,49
32,54
31,28
30,01
28,03
28,02
30
35,48
42,96
50,85
47,99
44,05
40,95
32,89
33,08
29,4
25,35
17,86
16,29
17,42
19,75
19,15
24,24
24,83
20,99
8,51
-0,07
-7,45
-6,83
0,07
25,48
32,4
41,75
43,96
48,9
47,99
45,91
41,17
32,45
32,57
32,09
30,43
30,92
33,3
50,67
52,98
59,69
55,31
50,79
54,69
50
50,32
49,39
48,91
48,11
51,93
56,67
60,91
60,16
51,09
47,91
40,32
36,88
33,02
30,91
30,5
30,57
33,15
45,9
50,91
52,03
45,09
36,32
30,23
27,51
26,46
17,88
20,45
25,03
27,99
34,68
39,49
38,81
35,77
33,23
30,03
27,53
27,16
27
26,74
27,7
30,18
39,77
49,95
51,22
46,36
32,66
29,23
27,65
27,05
26,09
27,66
29,65
37,91
48,29
52,27
53,17
48,07
45,19
37
33,34
31,15
30,78
30,36
31,43
34,5
48,73
51,79
54
52
50,19
44,3
37,81
36,31
36
36,41
38,88
50
52,2
71,47
61,13
51,24
48,09
38,61
37,37
36,06
35,04
35,4
36,13
37,25
48,77
53,47
60,73
52,09
49,48
42,85
37,02
34,63
33,38
33,81
36,52
46,13
52,96
56,94
51,22
44,08
39,18
34,2
33,07
30,01
29,45
30,09
31,97
32,96
35,38
44,98
43,4
36,5
31,49
29,86
28,27
27,25
26,7
27,67
28
39,66
50
50
46,32
34,93
33,1
30,56
27,62
28,14
28,36
28,54
29,87
27,3
26,6
26,88
26
25,33
26,24
26,91
26,58
24,9
25,05
26,49
27,27
34,99
39,01
40,97
38,5
34,44
33,4
31,99
27,66
27,2
27,38
27,62
27,24
31,31
39,14
48,99
50
49,98
49,99
50,5
48,76
48,27
47,27
48,36
53,92
53,97
55,58
64,98
53,1
49,21
42,85
35,79
36,35
35,44
35,24
35,43
36,33
38,95
55,98
65,17
65,19
53,04
52,95
50,9
49,15
46,99
45,74
46,82
49,77
54,96
60,2
54,19
51,18
46,41
37,58
34,72
34,31
33,17
33
34,25
34,9
36,5
50,91
56,97
62,08
56,64
51,67
50,98
49,8
50,24
50,02
49,95
48,48
49,99
54,19
59,66
51,74
47,68
39,69
35,05
34,18
32,92
31,8
31,55
32,12
34,9
46,21
50,29
51,51
50,52
49,84
48,93
47,35
46,6
44,7
44,37
44,38
45,04
45,28
43,4
42,49
36,12
32,8
30,29
29,05
27,95
27,9
27,99
28,87
31,9
42,55
48,37
50,31
50,08
47,27
44,14
38,81
35,72
34,46
33,94
36,79
44,8
46,54
48,36
47,49
35,14
34
30,07
26,5
24,5
23
22,78
22,94
22,73
25,94
27,46
33,2
34,58
30,11
25,7
14,06
-1,56
-2,77
10,27
23
32,28
38,19
43,69
33,4
26,1
22,99
19,38
-2,97
1,19
12,79
13,15
13,96
13,08
18,11
22,43
22,48
23,49
18,13
18,02
7,22
-0,33
-12,77
-10,92
-0,47
6,83
16,58
28
25,48
13,97
13,92
3,99
5,07
-3,93
-24,32
-37,29
-32,38
-0,49
29,9
45,33
40,33
29,21
28,21
25,41
11,82
12,99
6,9
25,32
26,62
41,39
50,18
64,37
57,34
49,27
44,58
34,6
33,09
31,58
30,04
30,2
30,13
33,01
47,47
50,98
51,05
49,63
46,86
44,92
42,17
41,04
39,49
39,38
42,88
48,6
50,16
54,99
52,92
50,02
45,06
35,53
33,49
31,92
32,39
32,03
32,95
35,1
48,61
52,79
52,63
51,75
50
48,04
41,4
36,58
35,22
34,92
35,17
40,49
48,01
51,61
48,47
40,21
35,05
31,8
26,21
26,41
25,3
25,35
26,43
29,31
35,32
42,98
49,92
47,89
46,8
47,61
42,93
37,82
36,74
36,86
40,4
47,93
51,23
55,06
53,53
48,06
45,59
35,93
37,49
34,96
33,79
32,9
32,59
33,5
43,33
48,77
50,06
49,87
48,71
48,72
49,41
47,78
45,35
47,93
49,49
50,05
50,27
53,52
49,22
40,5
35,87
34,35
28,3
32,17
29,28
28,24
27,33
28,39
29,3
31,51
37,03
42,95
39,96
37,7
37,18
36,51
35,24
35,89
38,05
43,59
48,11
52,09
49,75
41
40
35,9
34,22
28,94
27,43
28,99
27
27,08
27,1
28,97
28,22
32,83
33,93
35,87
33,96
30,2
28,03
29
28,92
32,99
38,09
43,35
38,41
34,93
35,36
34,06
28,99
27,07
27
27,99
27,06
30,23
50,62
56,49
59,86
56,51
53,08
51,75
49,91
48,8
47,57
48,04
48,78
51,5
54,91
61,76
52
43,46
39,18
28,44
30,64
27,93
25
22,98
22,02
24,5
30,52
42,12
47,19
43,04
40,16
38,73
37,54
36,95
36,2
36,3
36,28
40,62
44,44
50,15
37,5
33,16
28,5
24,24
24,19
23,63
22,25
19,44
21,92
25,22
30,87
44,22
45,51
47,06
42,62
38,9
37,37
36,1
35,65
35,25
33,49
40,73
45,14
51,44
43,27
38,13
34,2
28,08
23,88
22,73
21,61
18,26
18,95
22,2
34,73
45,97
47,74
44
29,95
26,33
25,23
23,45
23,41
23,83
26,38
36,95
43,3
47,79
41,78
29
28,39
25,23
23,75
22,34
17,65
12,57
14,54
20,15
26,04
38,69
40,84
37,42
33,9
30,41
23,59
22,93
21,77
22,11
23,8
30,38
33,65
34,92
31,19
24,8
22,98
12,94
0,47
0,03
-4,91
0,09
5,8
10,79
19,47
24,44
23,47
22,96
12,75
7,49
10,13
5,83
20,29
24,64
28,93
35,74
42,07
44,65
40,13
33,15
33,59
31,53
31,44
25,66
24,05
24,11
25,12
25,29
25,82
28,37
27,85
26,58
25,1
24
23,08
12,12
4,77
10,02
21,29
27,94
30
28,47
22,45
17,39
16,51
4,02
-8,25
3,17
9,31
15,17
16
24,63
36,06
48,92
50,24
49,6
48,34
48
45,25
43
39,5
42,19
46,86
49
50,09
52,79
48,93
37,01
32,51
25,18
26
25,72
25
24,27
25
29,99
40,61
52,64
55,21
54,8
51,76
50,62
47,9
46,64
44,58
45,38
47,96
53,1
58,33
67,95
55,29
45,97
39,95
32,46
34,81
33,02
29,25
28,4
29
31,45
38,68
49,97
51,3
50,14
46,99
42,92
37,55
37,01
36,17
36,98
38,06
46,99
50,07
49,95
45,01
37,07
35,44
30,87
27,65
28,1
26,6
26,34
28,43
31,29
40,5
52,13
54,42
54,03
51,97
51,11
48,7
44,39
42,91
45,01
49,76
52
56,62
63,96
54,41
45,59
39,34
35,11
33,15
31,05
28,31
29,32
30,11
33,11
38,2
47,58
51,46
47,7
41,79
38,69
33,96
30,41
30,49
30,5
30,78
37,52
39,61
39,09
34,98
30,29
30,42
29,99
27,04
27,56
25,4
23,9
24,2
25,09
26,89
29,7
32,97
35,14
36
36,53
35,2
34,08
33,3
33,07
35,04
38,48
44,08
47,9
39,19
35,06
35,05
33,18
29,99
26,01
27,01
26,9
26,51
26,3
27,03
29,94
31,74
36,37
37,47
38,32
37,9
35,02
31,04
32,8
35,73
40,38
47,58
51,06
47,1
39,62
38,09
36
30,34
27,11
26,28
25,79
25,7
26,39
38,01
51,93
52,43
51,96
50,32
50,32
45,57
44,14
45,21
47,71
50,03
54,11
58,02
66,51
52,2
49,02
43
37,24
39,79
35,88
34,64
31,84
33,69
36,2
46,99
56,43
61,3
60
55,49
52,72
46,35
43,67
43,99
43,66
46,24
51,93
60
65,47
52,95
46,34
41,16
37,15
35,61
32,31
31,36
30,09
30,39
34,92
40,7
52,4
59,77
57,12
54,11
51,23
44,48
42,55
41,94
43,26
45,87
50,67
53,49
55,23
45,91
39,16
37,38
34,41
33,59
31,04
30,02
29,41
30,06
32,89
39,55
48,98
54,11
54,11
51,08
46,93
43,94
40,52
38
36,78
38,07
39,9
43,55
42,1
35,75
30,07
30,21
26,03
25,92
25,27
25,2
24,42
25,2
28,22
36,06
47,9
51,52
46,68
44,49
39,76
35,65
36,07
34,78
35,33
36,92
43,83
48,11
48,24
38,03
33,21
30,35
25,51
23,54
18,84
19,89
15,78
8,55
15,84
14,62
24,61
29,36
25,92
22,9
20,24
4,83
1,37
3,96
19,73
24,17
28,01
36,55
37,37
27,18
23,17
26,12
12,38
0,03
-34,57
-29,97
-9,97
0,12
5,5
17,28
20,54
25,09
28,85
28,91
27,95
30
28,44
28
28
31,1
36,3
44,44
45,9
41,32
36,06
34,06
29,85
25,82
26,4
26,6
26,9
27,64
27,93
30,97
40
48,47
45,93
44,01
43,06
42,33
40,58
43,28
48,83
51,42
54,99
61,23
63,62
57,39
48,69
41,62
40,23
36,55
37,02
36,6
35,83
35,22
35,17
36
43,26
53,5
55,81
55,01
51,56
51,46
47,32
47,75
52,3
55,01
57,2
62,44
66,18
60,75
53,91
45,91
40,91
38,62
37,92
36,86
36,14
35,58
36,15
38,25
46,67
54,12
57,6
54,37
50,39
48,92
47,31
46,37
49,95
54,03
56,17
61,57
66,7
60
53,59
44,61
41,79
37,47
36,2
34,98
33,94
33,16
33,86
35,84
41,98
46,68
48,37
45,21
40,52
40,1
39,38
40,15
43,95
47,75
51,08
56,01
55,44
50,35
47,93
43,12
40
37,23
35,94
33,49
28,99
27,12
26,17
26,14
29,1
32,86
35,01
35,07
33,01
34,04
35,9
33,43
31,5
31,52
31,59
38,94
38,08
37,01
31,98
30,11
30,49
26,89
25,79
24,71
24,37
19,44
18,99
21,86
24,01
25,81
27,38
30,28
28,59
27,56
29,41
27,1
26,69
27,94
30
33,91
39,44
33,14
29,71
27,85
28,81
26,62
15,1
9,13
5,4
1,4
4,49
9,57
13,6
19,45
24,2
29,11
30,02
35,19
37,76
36,97
37,32
36,52
39,76
41,24
42,83
41,04
38,29
34,3
31,37
26,46
26,68
24,94
22,51
22,28
22,85
26,1
35,5
43,56
45,35
45,07
43,97
43,33
41,71
43,65
44,39
46,38
48,19
52,89
52,92
48,91
44,21
37,95
35,5
30
26,5
25,64
25,97
24,99
26,04
27,94
38,92
45,52
47,97
47,43
47,98
48,43
46,96
48,34
49,91
50
50,04
60,71
62,89
52,3
47,56
43,3
41,21
38,3
36,97
35,75
34,27
33,79
34,45
37,74
45,63
55,77
57,77
56,92
56,8
56,44
54,42
55,8
57,28
57,39
60,71
76,08
87,12
65
54,47
47,52
44,59
40,3
39,07
35,95
33,4
32,67
32,98
35,3
42,62
48,12
51,29
48,56
47,54
46,36
43,91
44,57
45,61
46,83
48,68
51,17
48,19
46,72
44,98
37,8
37,55
35,33
32,8
32,91
32,07
31,82
33,19
35,22
45,05
51,78
54,32
55,62
54,94
53,95
52,44
52,52
53,01
52,19
54,3
66,47
59,98
51,97
46,94
43,83
44,28
39,34
42,63
39,78
38,81
36,94
36,2
36,13
39,57
41,56
42,02
44,57
44,15
42,55
41,42
40,01
39,96
41,67
43,81
49,95
51
48,45
42,75
40,36
39,66
36,67
37,57
35,3
35,13
34,22
33,86
35,01
35,6
37,52
37,52
39,12
38,4
38,84
40,1
37,8
39,68
41,35
46,41
52,17
53,09
52,51
51,01
47
44,25
39,88
35,66
35,97
36,03
34,75
34,8
36,58
43,42
47,69
51
49,85
48
47,42
46
45,64
44,11
44,62
44,78
48,28
45,39
40,36
35,26
32,8
32,05
26,09
30,9
31,45
30,67
29,1
32,3
35,3
40,66
46,35
43,99
43
42,41
42,03
40,5
43,79
46,39
51,18
51,08
59,21
58,32
50,42
46,81
40,95
39,26
36,74
34
34,83
35,01
35,01
35,13
36,06
40,71
47,7
52,08
51,56
50,12
50,59
48,97
55,12
55,98
58,42
63,51
67,2
56,09
52,94
46,22
42,91
41,47
38,28
37,6
37,85
36,51
35,37
35,77
38,18
45,31
53,7
52,32
49,1
47,24
47,95
48,64
50,62
53,7
54,12
56,15
58,5
49,8
45,1
41,71
38,49
38,65
35,38
29,65
28,38
28,32
25,16
25,41
30,12
34,1
39,73
40,86
35,4
35,76
34,85
36,13
39,68
42
45,41
49
51,12
45,91
47,21
42,92
43,98
40,04
38,46
36,98
37,07
36,53
37,19
37,32
37,49
38,42
39,01
42,47
43,13
41,51
41,9
38,97
35,15
34,98
37,37
41,25
42,47
42,2
39,32
35,37
34,23
34,3
29,73
29,06
30,96
31,59
32,23
32,86
33,75
32,49
33,88
36,85
38,81
39,72
40,76
40,15
39,25
39,06
39,83
41,15
45,44
43,67
41,92
37,18
35,67
35,06
32,3
24,76
27,83
26,31
28,16
29,68
34,22
41,34
50,23
49,86
49,79
48,38
49,79
48,81
51,58
49,8
52,87
55
54,94
43,67
41,62
35,9
35,28
33,89
28,97
27,75
27,35
24,53
24,29
27,73
32,9
38,36
43,32
44,86
41,99
41,7
41,77
41,96
47,97
53,95
61,81
70,43
80,1
76,09
71,91
58,97
53,1
43,34
39,53
38,77
39,92
39,7
39,73
39,5
40,79
51,77
60,52
68,9
65,93
61,02
60,68
59,12
59,05
59,82
60,69
63,29
71,05
63,5
55,9
53,95
45,11
40,76
38,61
38,62
37,59
37,05
37,67
38,39
39,96
45,59
57,98
58,4
58,93
59,16
59,11
56,28
58,09
57,32
58,13
59,86
63,38
55,58
53,92
50,06
43,77
40,13
37,1
35,3
34,72
35,73
35,94
35,59
37,24
41,22
52,1
52,79
51,44
50,9
49,56
47,87
47,98
49,03
49,5
49,04
51,91
45,75
40,81
39,56
39,27
38,32
34,35
32,31
26,97
26,15
24,44
22,89
24,17
26,47
28,14
33,76
30,44
30,31
30,45
29,9
30,62
32,4
34,25
39,01
40,43
40,02
35,58
30,19
28,18
29,6
27,21
13,15
19,22
13,28
14,89
10,19
7,57
19,09
25,48
30,45
34,31
37,55
39,81
39,81
39,76
40,05
41,68
45,01
50
51,77
50,11
49,96
45,7
44,64
39,8
38,19
36,3
36,02
35,4
35,38
37,84
50
60,42
58,37
58,42
57,3
58,26
58,77
58,6
57,05
59,23
58,4
63,45
59,36
58,07
53,93
50,17
46,36
41,58
39,07
38,43
36,2
35,91
35,98
38,01
45,21
53,44
54,79
54,58
54,79
54,05
52,91
52,59
52,99
52,34
52,43
54,55
54,52
52,9
47,51
43,53
42,28
37,74
36,2
35,32
32,84
30,23
31,65
34,8
41,94
50,68
50,54
46,32
43,94
43,93
44,12
43,87
43,21
43,41
43,71
46,6
43,38
38,96
34,47
33,69
28,6
25,58
25,24
21,23
5,32
1,94
11,75
23,53
29,82
34,14
40,38
39,34
38,52
38,16
35,44
35,24
35,7
36,23
38,05
40,43
40,58
39,95
36,16
30,9
28,46
25,17
23,95
21,27
11,79
14,2
27,56
27,5
39,86
45,08
45,89
42,69
42,42
42,29
41,65
42,22
47,91
51,04
52,14
54,05
55,36
53,11
52,01
46,44
42,24
39,28
36,29
35,96
35,99
35,39
35,39
36,03
36,56
39,07
42,29
45,35
44
42,7
41,5
40,77
41,14
43,02
48,99
52,9
53,1
50,01
47,35
42,42
41,94
40,13
38,55
37,07
36,26
35,93
35,86
35,92
36,13
37,04
38,74
42,12
44,77
48
48,15
45,76
44,7
44,98
47,79
50,45
52,4
50,64
46,84
42,92
39,9
37,83
36,03
36,93
35,4
34,46
35,4
36,3
44,84
52,97
54,58
54,09
45,9
43,59
41,96
42,87
49
52,95
53,93
57,23
55,18
55,5
54,43
49,33
44,89
40,58
40,19
39,74
39,5
38,5
39,49
42,81
55,07
67,28
76,47
71
60,49
59,31
55,24
54,5
56,86
57,9
60
61,8
49,76
47,32
42,32
40,67
39,27
37,05
35
35
35,24
35,58
36,87
37,51
42,69
53,4
54,76
51,47
46,34
44,99
43,81
47,99
55,01
58,3
62,69
70,6
60,06
60,1
52,93
49,5
41,7
39,1
36,16
35,73
35,86
35,75
35,56
36,14
42,22
59,59
58,29
51,23
46,15
41,87
41,61
41,52
46,95
50,41
51,47
46,63
43,44
38,15
36,24
34,89
32,79
24,94
25,18
25,03
18,77
13,6
19,14
25,16
30,67
38,86
40,25
37,96
38,92
38,9
37,08
37,79
37,6
35,36
39,4
40,07
37,8
32,82
28,09
26,03
25,81
16,1
14,55
4,16
0,06
-4,97
-7,17
0,07
-2,44
25,63
27,39
34,18
33,57
36,5
35,01
33,07
35,37
38,03
39,04
41,29
42,68
39,97
35,17
34,21
33,81
28,72
1,34
-0,26
-11,71
-14,72
-39,98
-49,91
-50,43
-49,95
-49,91
-49,92
-49,98
-35,34
-22,41
-2,01
-0,08
0,35
4,13
15,23
14
12,08
0,44
0,07
0,49
-14,72
-11,1
-15,1
-16,09
-14,99
-12,76
-5,85
27,23
38,57
39,99
39,77
39,58
39,73
39,91
39,93
39,97
39,58
40,17
40,68
39,22
37,95
29,1
25,89
25,31
14,08
26,02
25,74
25,85
28,53
30,99
35,51
46,11
53,1
56,38
54,93
51
49,9
47,34
46,99
46,87
46,55
45,41
48,96
39,84
36,3
35,22
33,02
29,78
23,83
17,85
2,4
0,09
0,34
20,57
25,92
32,31
37,92
40,95
41,9
44,15
50,4
50,6
51,82
51,29
51,79
52,86
60,23
56,36
53,61
48,3
44,7
41,34
37,17
37
35,83
35,02
34,65
35,18
36,98
49
57,64
61,6
60,1
54
49,69
49
47,01
47,19
48,88
47,76
52,13
47,05
41,16
38,48
36,13
35,07
34,27
28,64
27,71
23,34
11,27
16,25
25,05
32,83
39,6
43,99
43,9
40,82
41,65
43,91
43,99
40,7
42,92
45,04
50,88
46,71
43,05
39,02
36,51
35,04
33,96
34,39
29,11
27,6
25,5
21,92
20,08
21,91
26,73
31,97
30,65
28,99
27,97
23,93
15,23
15,93
17,04
23,84
27,8
29,05
25,83
13,85
15,64
18,15
4,39
0,32
1,52
2,3
3,9
2,2
0,97
-5,12
-4,95
-0,07
0,1
-0,94
8,47
5,83
5,29
10,01
20,82
27,18
33,51
31,36
35,63
34,29
29,1
32,8
29,83
29,46
30,18
30,91
29,49
29,19
31,77
38,87
50,01
44,74
42
41,2
41,84
42,11
44,72
46,03
47,34
50
52,01
51,96
48,61
43,5
40,1
38,08
36
32,71
31,9
30,5
29,19
29,4
31,25
35,74
44,17
49,5
42,35
40,15
38,23
38,88
39,05
39,6
42,52
42,57
42,83
38,79
36,74
33,99
32,69
30,28
28,15
21,95
25,39
26,35
26,04
28,39
30,19
36,19
42,05
47,45
45,71
44,48
48,14
46,45
46,79
47,85
47,9
51
54,19
51
46,3
43,85
39,15
35,9
32,19
29,08
26,41
26,72
24,8
25,97
27,24
31,56
40
42,95
39,62
37,86
37,69
36,87
37,41
38,01
38,72
40,46
40,31
39,91
38,95
35,69
35,09
32,95
27,22
26,56
25,95
23,3
19,01
24,59
25,03
26,92
32,57
35,4
33,01
30,67
30,04
28,17
26,84
27
30,28
33,51
37,29
37,48
37
34,01
27,33
26,97
26,82
18,11
13,61
10
9,15
7,82
12,83
21,36
27,48
31,23
35,9
35,94
35,99
36,07
35,95
36,21
36,99
39,83
42,2
37,76
36,92
31,98
30,2
28,01
23,04
18,43
8,39
12,2
5,52
4,25
6,58
9,31
19,42
28,07
33,04
35,64
37,6
37,54
37,08
37,33
37,09
39,01
40
38,68
37
34,77
31,78
28,01
18,67
6,89
-0,31
-4,85
-6,75
-5,39
2,16
22,84
30,6
35
37
36,51
34
32,66
30,75
35,9
37,42
37,18
40
40,93
38,9
35,98
29,2
27,26
14,03
0,4
-2,99
-5,19
-7,45
-4,99
-1,7
-3,23
14,92
25,39
29,47
30,65
30,78
31,05
31,75
34,97
37,17
37,77
40
36,51
34,03
28,38
27,87
27,01
19,8
22,95
19,5
15,84
11,96
10,07
16,67
10,1
17,81
26,45
33,1
31,62
32,86
30,88
29,65
30,54
35,44
36,3
37,37
36,45
35,46
32,93
33,65
34,28
32,09
27,95
26,35
26,34
25,58
26,33
28,37
27,14
26,78
30
34,47
34,95
35,71
35,69
34,96
36,83
38,53
39,75
42,55
42,64
40,92
37,24
36,78
36,45
34,75
31,17
30,02
28,67
28,7
29,19
31,03
33,1
38,89
38,55
40
40
40,47
40,15
40,41
42,2
45,13
46,53
49,38
44,88
43,99
39,52
36,67
35,38
33,57
30,17
29,5
29,43
28,2
28,53
27,4
29,2
31,63
34,61
36,82
35,61
35,05
34,7
33,78
34,91
35,86
39,86
40,79
43,75
43,29
39,62
35,39
34,75
30,17
30,6
28,1
26,92
22,85
20,97
21,31
22,72
25,1
27,52
30,04
30,6
30,93
32,03
30,61
30,8
32,86
33,97
39,53
41,16
39,6
38,14
32
30,11
25,52
11,07
11,84
6,16
1,4
4,81
16,43
26,9
30,38
32,04
31,9
29,06
26,94
30,3
30,61
31,53
33,61
35,25
38,09
39,35
31,58
30,68
29,67
29,68
24,33
24,14
22,12
13,01
4,97
9,81
18,37
23,5
27,17
36,56
40,43
32,22
38,98
38,6
37,9
38
39,58
42,28
46,06
47,73
46
42,2
39,74
38,88
37,39