#1
double TSetInt(1440, 2)
0 189.08
60 252.11
120 315.13
180 315.12
240 315.12
300 315.11
360 315.10
420 315.09
480 315.08
540 315.07
600 315.07
660 315.06
720 315.05
780 315.04
840 315.03
900 315.02
960 315.02
1020 315.01
1080 315.00
1140 314.99
1200 314.98
1260 314.97
1320 314.97
1380 314.96
1440 314.95
1500 314.94
1560 314.93
1620 314.92
1680 314.92
1740 314.91
1800 314.90
1860 314.89
1920 314.88
1980 314.87
2040 314.87
2100 314.86
2160 314.85
2220 314.84
2280 314.83
2340 314.82
2400 314.82
2460 314.81
2520 314.80
2580 314.79
2640 314.78
2700 314.77
2760 314.77
2820 314.76
2880 314.75
2940 314.74
3000 314.73
3060 314.72
3120 314.71
3180 314.71
3240 314.70
3300 314.69
3360 314.68
3420 314.67
3480 314.66
3540 314.66
3600 314.65
3660 314.64
3720 314.63
3780 314.62
3840 314.61
3900 314.61
3960 314.60
4020 314.59
4080 314.58
4140 314.57
4200 314.56
4260 314.56
4320 314.55
4380 314.54
4440 314.53
4500 314.52
4560 314.51
4620 314.51
4680 314.50
4740 314.49
4800 314.48
4860 314.47
4920 314.46
4980 314.46
5040 314.45
5100 314.44
5160 314.43
5220 314.42
5280 314.41
5340 314.41
5400 314.40
5460 314.39
5520 314.38
5580 314.37
5640 314.36
5700 314.36
5760 314.35
5820 314.34
5880 314.33
5940 314.32
6000 314.31
6060 314.30
6120 314.30
6180 314.29
6240 314.28
6300 314.27
6360 314.26
6420 314.25
6480 314.25
6540 314.24
6600 314.23
6660 314.22
6720 314.21
6780 314.20
6840 314.20
6900 314.19
6960 314.18
7020 314.17
7080 314.16
7140 314.15
7200 314.15
7260 314.14
7320 314.13
7380 314.12
7440 314.11
7500 314.10
7560 314.10
7620 314.09
7680 314.08
7740 314.07
7800 314.06
7860 314.05
7920 314.05
7980 314.04
8040 314.03
8100 314.02
8160 314.01
8220 314.00
8280 314.00
8340 313.99
8400 313.98
8460 313.97
8520 313.96
8580 313.95
8640 313.94
8700 313.94
8760 313.93
8820 313.92
8880 313.91
8940 313.90
9000 313.89
9060 313.89
9120 313.88
9180 313.87
9240 313.86
9300 313.85
9360 313.84
9420 313.84
9480 313.83
9540 313.82
9600 313.81
9660 313.80
9720 313.79
9780 313.79
9840 313.78
9900 313.77
9960 313.76
10020 313.75
10080 313.74
10140 313.74
10200 313.73
10260 313.72
10320 313.71
10380 313.70
10440 313.69
10500 313.69
10560 313.68
10620 313.67
10680 313.66
10740 313.65
10800 313.64
10860 313.64
10920 313.63
10980 313.62
11040 313.61
11100 313.60
11160 313.59
11220 313.59
11280 313.58
11340 313.57
11400 313.56
11460 313.55
11520 313.54
11580 313.53
11640 313.53
11700 313.52
11760 313.51
11820 313.50
11880 313.49
11940 313.48
12000 313.48
12060 313.47
12120 313.46
12180 313.45
12240 313.44
12300 313.43
12360 313.43
12420 313.42
12480 313.41
12540 313.40
12600 313.39
12660 313.38
12720 313.38
12780 313.37
12840 313.36
12900 313.35
12960 313.34
13020 313.33
13080 313.33
13140 313.32
13200 313.31
13260 313.30
13320 313.29
13380 313.28
13440 313.28
13500 313.27
13560 313.26
13620 313.25
13680 313.24
13740 313.23
13800 313.23
13860 313.22
13920 313.21
13980 313.20
14040 313.19
14100 313.18
14160 313.18
14220 313.17
14280 313.16
14340 313.16
14400 313.16
14460 313.17
14520 313.18
14580 313.19
14640 313.21
14700 313.22
14760 313.23
14820 313.25
14880 313.26
14940 313.28
15000 313.29
15060 313.30
15120 313.32
15180 313.33
15240 313.34
15300 313.36
15360 313.37
15420 313.39
15480 313.40
15540 313.41
15600 313.43
15660 313.44
15720 313.46
15780 313.47
15840 313.48
15900 313.50
15960 313.51
16020 313.53
16080 313.54
16140 313.55
16200 313.57
16260 313.58
16320 313.60
16380 313.61
16440 313.62
16500 313.64
16560 313.65
16620 313.67
16680 313.68
16740 313.69
16800 313.71
16860 313.72
16920 313.73
16980 313.75
17040 313.76
17100 313.78
17160 313.79
17220 313.80
17280 313.82
17340 313.83
17400 313.85
17460 313.86
17520 313.87
17580 313.89
17640 313.90
17700 313.92
17760 313.93
17820 313.94
17880 313.96
17940 313.97
18000 313.99
18060 314.00
18120 314.01
18180 314.03
18240 314.04
18300 314.06
18360 314.07
18420 314.08
18480 314.10
18540 314.11
18600 314.12
18660 314.14
18720 314.15
18780 314.17
18840 314.18
18900 314.19
18960 314.21
19020 314.22
19080 314.24
19140 314.25
19200 314.26
19260 314.28
19320 314.29
19380 314.31
19440 314.32
19500 314.33
19560 314.35
19620 314.36
19680 314.38
19740 314.39
19800 314.40
19860 314.42
19920 314.43
19980 314.45
20040 314.46
20100 314.47
20160 314.49
20220 314.50
20280 314.51
20340 314.53
20400 314.54
20460 314.56
20520 314.57
20580 314.58
20640 314.60
20700 314.61
20760 314.63
20820 314.64
20880 314.65
20940 314.67
21000 314.68
21060 314.70
21120 314.71
21180 314.72
21240 314.74
21300 314.75
21360 314.77
21420 314.78
21480 314.79
21540 314.81
21600 314.82
21660 314.84
21720 314.85
21780 314.86
21840 314.88
21900 314.89
21960 314.90
22020 314.92
22080 314.93
22140 314.95
22200 314.96
22260 314.97
22320 314.99
22380 315.00
22440 315.02
22500 315.03
22560 315.04
22620 315.06
22680 315.07
22740 315.09
22800 315.10
22860 315.11
22920 315.13
22980 315.14
23040 315.16
23100 315.17
23160 315.18
23220 315.20
23280 315.21
23340 315.23
23400 315.24
23460 315.25
23520 315.27
23580 315.28
23640 315.29
23700 315.31
23760 315.32
23820 315.34
23880 315.35
23940 315.36
24000 315.38
24060 315.39
24120 315.41
24180 315.42
24240 315.43
24300 315.45
24360 315.46
24420 315.48
24480 315.49
24540 315.50
24600 315.52
24660 315.53
24720 315.55
24780 315.56
24840 315.57
24900 315.59
24960 315.60
25020 315.62
25080 315.63
25140 315.64
25200 315.66
25260 315.67
25320 315.68
25380 315.70
25440 315.71
25500 315.73
25560 315.74
25620 315.75
25680 315.77
25740 315.78
25800 315.80
25860 315.81
25920 315.82
25980 315.84
26040 315.85
26100 315.87
26160 315.88
26220 315.89
26280 315.91
26340 315.92
26400 315.94
26460 315.95
26520 315.96
26580 315.98
26640 315.99
26700 316.01
26760 316.02
26820 316.03
26880 316.05
26940 316.06
27000 316.07
27060 316.09
27120 316.10
27180 316.12
27240 316.13
27300 316.14
27360 316.16
27420 316.17
27480 316.19
27540 316.20
27600 316.21
27660 316.23
27720 316.24
27780 316.26
27840 316.27
27900 316.28
27960 316.30
28020 316.31
28080 316.33
28140 316.34
28200 316.35
28260 316.37
28320 316.38
28380 316.40
28440 316.41
28500 316.42
28560 316.44
28620 316.45
28680 316.46
28740 316.48
28800 316.49
28860 316.51
28920 316.52
28980 316.53
29040 316.55
29100 316.56
29160 316.58
29220 316.59
29280 316.60
29340 316.62
29400 316.63
29460 316.65
29520 316.66
29580 316.67
29640 316.69
29700 316.70
29760 316.72
29820 316.73
29880 316.74
29940 316.76
30000 316.77
30060 316.79
30120 316.80
30180 316.81
30240 316.83
30300 316.84
30360 316.85
30420 316.87
30480 316.88
30540 316.90
30600 316.91
30660 316.92
30720 316.94
30780 316.95
30840 316.97
30900 316.98
30960 316.99
31020 317.01
31080 317.02
31140 317.04
31200 317.05
31260 317.06
31320 317.08
31380 317.09
31440 317.11
31500 317.12
31560 317.13
31620 317.15
31680 317.16
31740 317.18
31800 317.19
31860 317.20
31920 317.22
31980 317.23
32040 317.24
32100 317.26
32160 317.27
32220 317.29
32280 317.30
32340 317.31
32400 317.33
32460 317.34
32520 317.36
32580 317.37
32640 317.38
32700 317.40
32760 317.41
32820 317.43
32880 317.44
32940 317.45
33000 317.47
33060 317.48
33120 317.50
33180 317.51
33240 317.52
33300 317.54
33360 317.55
33420 317.57
33480 317.58
33540 317.59
33600 317.61
33660 317.62
33720 317.63
33780 317.65
33840 317.66
33900 317.68
33960 317.69
34020 317.70
34080 317.72
34140 317.73
34200 317.75
34260 317.76
34320 317.77
34380 317.79
34440 317.80
34500 317.82
34560 317.83
34620 317.84
34680 317.86
34740 317.87
34800 317.89
34860 317.90
34920 317.91
34980 317.93
35040 317.94
35100 317.96
35160 317.97
35220 317.98
35280 318.00
35340 318.01
35400 318.02
35460 318.04
35520 318.05
35580 318.07
35640 318.08
35700 318.09
35760 318.11
35820 318.12
35880 319.13
35940 320.14
36000 321.15
36060 322.15
36120 323.15
36180 323.15
36240 323.15
36300 323.15
36360 323.15
36420 323.15
36480 323.15
36540 323.15
36600 323.15
36660 323.15
36720 323.15
36780 323.15
36840 323.15
36900 323.15
36960 323.15
37020 323.15
37080 323.15
37140 323.15
37200 323.15
37260 323.15
37320 323.15
37380 323.15
37440 323.15
37500 323.15
37560 323.15
37620 323.15
37680 323.15
37740 323.15
37800 323.15
37860 323.15
37920 323.15
37980 323.15
38040 323.15
38100 323.15
38160 323.15
38220 323.15
38280 323.15
38340 323.15
38400 323.15
38460 323.15
38520 323.15
38580 323.15
38640 323.15
38700 323.15
38760 323.15
38820 323.15
38880 323.15
38940 323.15
39000 323.15
39060 323.15
39120 323.15
39180 323.15
39240 323.15
39300 323.15
39360 323.15
39420 323.15
39480 321.95
39540 320.74
39600 319.54
39660 318.33
39720 317.11
39780 317.10
39840 317.08
39900 317.06
39960 317.05
40020 317.03
40080 317.01
40140 317.00
40200 316.98
40260 316.96
40320 316.94
40380 316.93
40440 316.91
40500 316.89
40560 316.88
40620 316.86
40680 316.84
40740 316.83
40800 316.81
40860 316.79
40920 316.78
40980 316.76
41040 316.74
41100 316.73
41160 316.71
41220 316.69
41280 316.68
41340 316.66
41400 316.64
41460 316.63
41520 316.61
41580 316.59
41640 316.58
41700 316.56
41760 316.54
41820 316.53
41880 316.51
41940 316.49
42000 316.48
42060 316.46
42120 316.44
42180 316.43
42240 316.41
42300 316.39
42360 316.38
42420 316.36
42480 316.34
42540 316.33
42600 316.31
42660 316.29
42720 316.28
42780 316.26
42840 316.24
42900 316.23
42960 316.21
43020 316.19
43080 316.18
43140 316.16
43200 316.14
43260 316.12
43320 316.11
43380 316.09
43440 316.07
43500 316.06
43560 316.04
43620 316.02
43680 316.01
43740 315.99
43800 315.97
43860 315.96
43920 315.94
43980 315.92
44040 315.91
44100 315.89
44160 315.87
44220 315.86
44280 315.84
44340 315.82
44400 315.81
44460 315.79
44520 315.77
44580 315.76
44640 315.74
44700 315.72
44760 315.71
44820 315.69
44880 315.67
44940 315.66
45000 315.64
45060 315.62
45120 315.61
45180 315.59
45240 315.57
45300 315.56
45360 315.54
45420 315.52
45480 315.51
45540 315.49
45600 315.47
45660 315.46
45720 315.44
45780 315.42
45840 315.41
45900 315.39
45960 315.37
46020 315.36
46080 315.34
46140 315.32
46200 315.30
46260 315.29
46320 315.27
46380 315.25
46440 315.24
46500 315.22
46560 315.20
46620 315.19
46680 315.17
46740 315.15
46800 315.14
46860 315.12
46920 315.10
46980 315.09
47040 315.07
47100 315.05
47160 315.04
47220 315.02
47280 315.00
47340 314.99
47400 314.97
47460 314.95
47520 314.94
47580 314.92
47640 314.90
47700 314.89
47760 314.87
47820 314.85
47880 314.84
47940 314.82
48000 314.80
48060 314.79
48120 314.77
48180 314.75
48240 314.74
48300 314.72
48360 314.70
48420 314.69
48480 314.67
48540 314.65
48600 314.64
48660 314.62
48720 314.60
48780 314.59
48840 314.57
48900 314.55
48960 314.53
49020 314.52
49080 314.50
49140 314.48
49200 314.47
49260 314.45
49320 314.43
49380 314.42
49440 314.40
49500 314.38
49560 314.37
49620 314.35
49680 314.33
49740 314.32
49800 314.30
49860 314.28
49920 314.27
49980 314.25
50040 314.23
50100 314.22
50160 314.20
50220 314.18
50280 314.17
50340 314.16
50400 314.17
50460 314.18
50520 314.19
50580 314.21
50640 314.23
50700 314.25
50760 314.28
50820 314.30
50880 314.32
50940 314.34
51000 314.36
51060 314.38
51120 314.40
51180 314.42
51240 314.44
51300 314.46
51360 314.48
51420 314.51
51480 314.53
51540 314.55
51600 314.57
51660 314.59
51720 314.61
51780 314.63
51840 314.65
51900 314.67
51960 314.69
52020 314.71
52080 314.74
52140 314.76
52200 314.78
52260 314.80
52320 314.82
52380 314.84
52440 314.86
52500 314.88
52560 314.90
52620 314.92
52680 314.94
52740 314.97
52800 314.99
52860 315.01
52920 315.03
52980 315.05
53040 315.07
53100 315.09
53160 315.11
53220 315.13
53280 315.15
53340 315.18
53400 315.20
53460 315.22
53520 315.24
53580 315.26
53640 315.28
53700 315.30
53760 315.32
53820 315.34
53880 316.91
53940 318.48
54000 320.04
54060 321.60
54120 323.15
54180 323.15
54240 323.15
54300 323.15
54360 323.15
54420 323.15
54480 323.15
54540 323.15
54600 323.15
54660 323.15
54720 323.15
54780 323.15
54840 323.15
54900 323.15
54960 323.15
55020 323.15
55080 323.15
55140 323.15
55200 323.15
55260 323.15
55320 323.15
55380 323.15
55440 323.15
55500 323.15
55560 323.15
55620 323.15
55680 323.15
55740 323.15
55800 323.15
55860 323.15
55920 323.15
55980 323.15
56040 323.15
56100 323.15
56160 323.15
56220 323.15
56280 323.15
56340 323.15
56400 323.15
56460 323.15
56520 323.15
56580 323.15
56640 323.15
56700 323.15
56760 323.15
56820 323.15
56880 323.15
56940 323.15
57000 323.15
57060 323.15
57120 323.15
57180 323.15
57240 323.15
57300 323.15
57360 323.15
57420 323.15
57480 321.85
57540 320.56
57600 319.27
57660 317.98
57720 316.70
57780 316.72
57840 316.74
57900 316.77
57960 316.79
58020 316.81
58080 316.83
58140 316.85
58200 316.87
58260 316.89
58320 316.91
58380 316.93
58440 316.95
58500 316.97
58560 317.00
58620 317.02
58680 317.04
58740 317.06
58800 317.08
58860 317.10
58920 317.12
58980 317.14
59040 317.16
59100 317.18
59160 317.20
59220 317.23
59280 317.25
59340 317.27
59400 317.29
59460 317.31
59520 317.33
59580 317.35
59640 317.37
59700 317.39
59760 317.41
59820 317.43
59880 317.46
59940 317.48
60000 317.50
60060 317.52
60120 317.54
60180 317.56
60240 317.58
60300 317.60
60360 317.62
60420 317.64
60480 317.66
60540 317.69
60600 317.71
60660 317.73
60720 317.75
60780 317.77
60840 317.79
60900 317.81
60960 317.83
61020 317.85
61080 317.87
61140 317.89
61200 317.92
61260 317.94
61320 317.96
61380 317.98
61440 318.00
61500 318.02
61560 318.04
61620 318.06
61680 318.08
61740 318.10
61800 318.12
61860 318.15
61920 318.17
61980 318.19
62040 318.21
62100 318.23
62160 318.25
62220 318.27
62280 318.29
62340 318.31
62400 318.33
62460 318.36
62520 318.38
62580 318.40
62640 318.42
62700 318.44
62760 318.46
62820 318.48
62880 318.50
62940 318.52
63000 318.54
63060 318.56
63120 318.59
63180 318.61
63240 318.63
63300 318.65
63360 318.67
63420 318.69
63480 318.71
63540 318.73
63600 318.75
63660 318.77
63720 318.79
63780 318.82
63840 318.84
63900 318.86
63960 318.88
64020 318.90
64080 318.92
64140 318.94
64200 318.96
64260 318.98
64320 319.00
64380 319.02
64440 319.05
64500 319.07
64560 319.09
64620 319.11
64680 319.12
64740 319.14
64800 319.14
64860 319.14
64920 319.14
64980 319.13
65040 319.13
65100 319.12
65160 319.12
65220 319.11
65280 319.11
65340 319.10
65400 319.09
65460 319.09
65520 319.08
65580 319.08
65640 319.07
65700 319.07
65760 319.06
65820 319.06
65880 319.05
65940 319.04
66000 319.04
66060 319.03
66120 319.03
66180 319.02
66240 319.02
66300 319.01
66360 319.01
66420 319.00
66480 318.99
66540 318.99
66600 318.98
66660 318.98
66720 318.97
66780 318.97
66840 318.96
66900 318.96
66960 318.95
67020 318.94
67080 318.94
67140 318.93
67200 318.93
67260 318.92
67320 318.92
67380 318.91
67440 318.90
67500 318.90
67560 318.89
67620 318.89
67680 318.88
67740 318.88
67800 318.87
67860 318.87
67920 318.86
67980 318.85
68040 318.85
68100 318.84
68160 318.84
68220 318.83
68280 318.83
68340 318.82
68400 318.82
68460 318.81
68520 318.80
68580 318.80
68640 318.79
68700 318.79
68760 318.78
68820 318.78
68880 318.77
68940 318.77
69000 318.76
69060 318.75
69120 318.75
69180 318.74
69240 318.74
69300 318.73
69360 318.73
69420 318.72
69480 318.72
69540 318.71
69600 318.70
69660 318.70
69720 318.69
69780 318.69
69840 318.68
69900 318.68
69960 318.67
70020 318.67
70080 318.66
70140 318.65
70200 318.65
70260 318.64
70320 318.64
70380 318.63
70440 318.63
70500 318.62
70560 318.62
70620 318.61
70680 318.60
70740 318.60
70800 318.59
70860 318.59
70920 318.58
70980 318.58
71040 318.57
71100 318.57
71160 318.56
71220 318.55
71280 318.55
71340 318.54
71400 318.54
71460 318.53
71520 318.53
71580 318.52
71640 318.51
71700 318.51
71760 318.50
71820 318.50
71880 319.43
71940 320.36
72000 321.29
72060 322.22
72120 323.15
72180 323.15
72240 323.15
72300 323.15
72360 323.15
72420 323.15
72480 323.15
72540 323.15
72600 323.15
72660 323.15
72720 323.15
72780 323.15
72840 323.15
72900 323.15
72960 323.15
73020 323.15
73080 323.15
73140 323.15
73200 323.15
73260 323.15
73320 323.15
73380 323.15
73440 323.15
73500 323.15
73560 323.15
73620 323.15
73680 323.15
73740 323.15
73800 323.15
73860 323.15
73920 323.15
73980 323.15
74040 323.15
74100 323.15
74160 323.15
74220 323.15
74280 323.15
74340 323.15
74400 323.15
74460 323.15
74520 323.15
74580 323.15
74640 323.15
74700 323.15
74760 323.15
74820 323.15
74880 323.15
74940 323.15
75000 323.15
75060 323.15
75120 323.15
75180 323.15
75240 323.15
75300 323.15
75360 323.15
75420 323.15
75480 322.15
75540 321.15
75600 320.14
75660 319.14
75720 318.14
75780 318.13
75840 318.12
75900 318.12
75960 318.11
76020 318.11
76080 318.10
76140 318.10
76200 318.09
76260 318.09
76320 318.08
76380 318.07
76440 318.07
76500 318.06
76560 318.06
76620 318.05
76680 318.05
76740 318.04
76800 318.04
76860 318.03
76920 318.02
76980 318.02
77040 318.01
77100 318.01
77160 318.00
77220 318.00
77280 317.99
77340 317.99
77400 317.98
77460 317.97
77520 317.97
77580 317.96
77640 317.96
77700 317.95
77760 317.95
77820 317.94
77880 317.94
77940 317.93
78000 317.92
78060 317.92
78120 317.91
78180 317.91
78240 317.90
78300 317.90
78360 317.89
78420 317.89
78480 317.88
78540 317.87
78600 317.87
78660 317.86
78720 317.86
78780 317.85
78840 317.85
78900 317.84
78960 317.84
79020 317.83
79080 317.82
79140 317.82
79200 317.81
79260 317.81
79320 317.80
79380 317.80
79440 317.79
79500 317.79
79560 317.78
79620 317.77
79680 317.77
79740 317.76
79800 317.76
79860 317.75
79920 317.75
79980 317.74
80040 317.73
80100 317.73
80160 317.72
80220 317.72
80280 317.71
80340 317.71
80400 317.70
80460 317.70
80520 317.69
80580 317.68
80640 317.68
80700 317.67
80760 317.67
80820 317.66
80880 317.66
80940 317.65
81000 317.65
81060 317.64
81120 317.63
81180 317.63
81240 317.62
81300 317.62
81360 317.61
81420 317.61
81480 317.60
81540 317.60
81600 317.59
81660 317.58
81720 317.58
81780 317.57
81840 317.57
81900 317.56
81960 317.56
82020 317.55
82080 317.55
82140 317.54
82200 317.53
82260 317.53
82320 317.52
82380 317.52
82440 317.51
82500 317.51
82560 317.50
82620 317.50
82680 317.49
82740 317.48
82800 317.48
82860 317.47
82920 317.47
82980 317.46
83040 317.46
83100 317.45
83160 317.45
83220 317.44
83280 317.43
83340 317.43
83400 317.42
83460 317.42
83520 317.41
83580 317.41
83640 317.40
83700 317.40
83760 317.39
83820 317.38
83880 317.38
83940 317.37
84000 317.37
84060 317.36
84120 317.36
84180 317.35
84240 317.34
84300 317.34
84360 317.33
84420 317.33
84480 317.32
84540 317.32
84600 317.31
84660 317.31
84720 317.30
84780 317.29
84840 317.29
84900 317.28
84960 317.28
85020 317.27
85080 317.27
85140 317.26
85200 317.26
85260 317.25
85320 317.24
85380 317.24
85440 317.23
85500 317.23
85560 317.22
85620 317.22
85680 317.21
85740 317.21
85800 317.20
85860 317.19
85920 317.19
85980 317.18
86040 317.18
86100 317.17
86160 317.17
86220 317.16
86280 253.73
86340 190.29
